6.961960
-15.205078
7.234741
16.007690
-2.758255
-8.150879
5.636063
0.128983
-3.869003
6.796600
-3.211884
6.349884
6.154282
2.691559
16.331085
-3.817429
5.138184
-2.951614
8.635818
-6.602646
24.531082
9.341537
5.860901
-4.147018
-0.545609
-5.097000
9.468491
-10.971466
4.844269
-1.563339
-8.306717
-2.193665
4.908051
5.238083
-24.803818
-4.949692
-7.052673
-3.185532
4.468781
-18.123764
-0.555786
1.000809
-11.023895
2.205414
-2.624527
5.947296
18.390106
9.596069
9.448837
6.541565
