0.                  0.                  0.                  0.                  0.                  8.915875            0.                  0.                  
0.                  0.                  0.                  0.                  0.6769422           19.867342           2.143754            0.                  
0.                  0.                  0.                  0.                  9.89071             22.352196           0.                  0.                  
0.                  4.849809            0.                  0.                  11.689407           29.135757           1.4578885           0.                  
0.                  0.                  0.                  0.                  1.9730241           38.361164           3.3120234           0.                  
0.                  3.3517373           0.                  0.                  0.                  35.75822            19.01218            0.                  
1.8219385           17.860617           5.224655            0.                  0.                  16.385012           21.590403           0.                  
0.                  0.                  0.                  0.                  0.                  0.                  0.                  0.                  
5.41246             0.                  1.9423442           1.421446            0.                  0.23141028          9.364989            0.                  
16.447422           0.68585217          15.226243           6.9539423           0.                  0.                  5.3394685           0.                  
9.148354            0.                  0.                  0.                  0.                  0.                  0.                  0.                  
0.                  0.                  0.                  3.6972883           0.                  0.                  0.                  0.                  
0.                  0.                  0.                  0.                  0.                  0.                  0.                  0.                  
0.                  0.                  0.                  0.                  0.                  0.                  0.                  0.                  
18.865656           0.                  0.                  0.                  0.                  0.                  0.                  0.                  
18.309193           0.                  0.                  0.                  0.                  1.5487152           0.                  0.                  
0.                  0.                  0.                  0.                  0.                  1.9770384           0.                  1.3539541           
0.                  0.                  0.                  0.                  0.                  0.                  0.                  0.                  
0.                  0.                  0.                  0.                  0.                  0.                  0.                  0.                  
8.996683            0.                  6.434654            0.                  0.                  0.                  0.                  0.                  
6.493572            0.                  5.2915783           0.                  1.8298512           1.4078894           0.                  1.6845577           
0.64100325          0.                  4.5355697           0.                  4.2227664           10.92032            14.393398           11.836376           
0.                  0.                  0.                  0.                  0.                  1.565677            1.6369486           0.2335127           
0.                  0.                  7.997491            0.68613297          0.                  3.4016058           2.5977633           2.54865             
0.                  0.                  6.8331804           0.                  0.                  4.9744987           3.8486128           4.1290894           
0.                  3.0256789           13.9359             0.49435034          0.                  0.                  0.                  0.                  
0.                  0.                  0.                  0.                  0.                  0.                  0.                  0.                  
0.                  0.                  0.                  0.                  0.                  0.                  0.                  0.                  
0.                  0.                  0.                  0.                  0.                  4.917313            8.908129            0.                  
4.258227            0.                  2.0018723           7.9761066           0.                  19.934427           16.94838            0.95778155          
6.3881016           0.                  0.                  12.465731           0.                  6.0261955           7.5861506           0.                  
8.127057            7.9342103           4.564093            10.590241           13.421798           18.11683            7.3366585           0.                  
10.290579           2.6389763           0.                  0.                  0.                  0.                  4.122233            1.4985325           
2.2469735           0.                  0.                  0.                  0.                  0.                  0.                  0.                  
0.                  0.                  0.                  6.0901227           2.3737466           3.954849            0.                  0.                  
0.                  0.                  0.                  0.                  0.                  10.401239           8.322327            0.                  
0.                  3.0678189           2.5267122           0.                  0.                  0.                  0.                  0.                  
0.                  17.72848            15.089839           0.                  0.                  0.                  0.                  0.                  
0.                  2.9084666           0.                  0.                  0.                  0.                  0.                  0.                  
0.                  0.                  0.                  0.                  0.                  0.                  0.                  0.                  
0.                  14.385647           13.677265           13.047914           8.557239            11.282359           0.                  4.858917            
0.8274444           19.82723            5.157605            19.56773            15.374876           11.0011215          0.                  0.5482784           
0.                  19.476093           0.                  15.594574           17.352818           19.370909           6.1463757           17.462723           
0.19230902          10.169012           0.                  0.                  18.0624             18.843227           4.6378436           15.039717           
0.                  0.                  0.                  0.                  9.465096            6.985921            0.                  6.5685124           
6.009434            1.1696105           0.                  0.                  0.                  0.49154043          0.                  8.879868            
12.252203           15.367643           0.                  5.2164507           13.097882           2.918435            4.477774            4.6109915           
3.4181967           16.117336           0.                  0.                  0.                  0.                  3.9731233           7.0601              
7.973194            7.758855            19.133764           17.821205           14.168502           23.463364           13.127205           11.50175            
6.242589            4.2279673           8.36931             4.3043547           0.                  9.412637            5.6298413           0.                  
13.736052           22.44108            3.231845            0.                  0.                  10.496623           7.9026575           0.                  
6.751504            23.81788            7.230321            0.                  0.                  0.                  1.838736            0.                  
6.7547565           26.208073           21.511068           0.                  0.                  0.                  0.                  0.                  
0.                  23.23231            26.93006            0.                  0.                  0.                  0.                  0.                  
0.                  0.                  3.693996            2.7576513           0.7965073           0.                  1.4702194           1.2871315           
2.0550778           5.2929316           9.332086            17.38623            21.011063           5.3102226           0.                  6.2765784           
0.                  0.                  0.8231565           0.                  0.                  0.                  14.5494375          10.088871           
0.                  0.                  2.1731606           0.                  0.                  17.572586           47.75606            30.707708           
0.                  0.                  0.                  0.                  0.                  6.891987            26.609007           1.6089675           
0.                  0.                  0.                  0.                  0.                  8.893753            15.683703           0.                  
0.                  0.                  0.                  0.                  0.                  27.820784           15.911256           0.                  
0.                  0.                  0.                  0.                  0.                  1.6053904           0.                  0.                  
0.                  0.                  0.                  0.                  0.                  0.                  0.                  0.                  
0.                  0.                  0.                  0.                  0.                  0.                  0.                  0.                  
0.                  0.                  0.                  0.                  3.273514            7.4477534           1.1633496           0.                  
12.166152           0.                  3.2852588           3.7334378           8.464583            14.768757           0.                  0.                  
31.868633           0.06291912          10.494412           13.455524           31.17212            34.350014           2.0648582           16.571554           
22.646826           0.                  0.                  0.                  30.99103            31.65343            1.9813367           22.572496           
12.8057995          0.                  5.020314            9.369853            22.423466           24.475788           0.                  6.237555            
9.865231            12.905992           34.32833            22.30034            20.675323           21.128254           1.4857293           18.827316           
0.                  0.                  8.321809            0.                  0.                  0.                  0.                  0.                  
0.                  0.                  4.710429            0.3849098           0.                  5.379397            4.5632114           3.287794            
0.                  0.                  0.                  0.                  0.                  0.                  0.                  8.289245            
1.7596835           0.                  0.                  0.                  0.                  0.                  0.                  2.3827133           
17.602327           22.385372           0.                  0.                  0.                  0.                  0.                  1.4208882           
4.4958987           7.705877            8.1855135           0.                  0.                  0.                  0.                  0.2393136           
0.                  1.7293338           24.138153           0.                  0.                  5.942468            5.307056            0.                  
0.                  5.31561             44.119183           0.                  0.                  12.06296            28.687263           1.9731467           
0.                  1.3134665           41.745766           0.                  0.                  0.                  21.927597           0.                  
0.                  0.                  38.331837           0.                  0.                  0.                  6.268857            0.                  
0.                  0.                  0.                  0.5608749           5.2475595           10.149994           0.                  0.                  
0.                  0.                  0.                  0.                  0.                  2.3767369           0.                  0.                  
0.                  0.                  0.                  0.                  0.                  0.                  0.                  0.                  
0.                  0.                  0.                  0.                  0.                  0.                  0.                  0.                  
0.                  0.                  0.                  0.                  0.                  0.                  0.                  0.                  
0.                  0.                  0.                  0.                  0.                  0.                  0.                  0.                  
0.                  0.                  0.                  0.                  0.                  0.                  0.                  0.                  
0.                  0.                  0.                  0.                  0.                  0.                  0.                  0.                  
0.                  0.                  0.                  0.                  0.                  0.                  0.                  0.                  
0.                  0.                  0.                  0.                  0.                  0.                  0.                  0.                  
0.                  8.222625            0.                  0.                  0.                  0.                  0.18810819          2.2974093           
0.                  5.1889343           11.002974           0.                  0.                  0.                  0.                  0.                  
0.                  0.                  0.                  0.                  0.                  0.                  0.                  0.                  
0.                  0.                  0.                  0.                  0.                  0.                  0.                  0.                  
0.                  0.                  0.                  0.                  0.                  0.                  0.                  0.                  
0.                  0.                  0.                  0.                  0.                  0.                  0.                  0.                  
0.                  0.                  0.                  0.                  12.300035           10.46487            0.                  0.                  
0.                  0.                  0.                  0.                  0.                  0.                  0.                  0.                  
0.                  1.594495            0.                  0.                  0.                  0.                  0.                  0.                  
0.                  11.170608           0.                  1.5621196           0.                  0.                  0.                  0.                  
0.                  3.114894            7.109314            19.561438           0.                  0.                  0.                  0.                  
0.20853676          0.                  14.848424           16.273233           14.837488           0.                  0.                  0.8010871           
7.389724            1.1745747           0.                  0.                  5.8762593           9.262281            0.                  0.                  
2.1435833           3.584592            4.67291             0.                  0.                  14.324815           0.                  0.                  
0.                  0.                  0.                  0.                  0.                  0.                  0.                  0.                  
0.                  0.                  0.                  0.                  0.                  0.                  0.                  0.                  
0.                  0.                  0.                  0.                  0.                  0.                  0.                  0.                  
0.                  0.                  0.                  0.                  0.                  0.                  0.                  0.                  
0.                  0.                  0.                  0.                  0.                  0.                  0.                  0.                  
0.                  0.                  0.                  0.                  0.                  0.                  0.                  0.                  
0.                  0.                  0.                  0.                  0.                  6.402336            0.                  0.                  
0.                  0.                  0.                  0.                  0.                  15.052007           0.06640881          0.                  
19.79566            14.816662           3.4289634           8.416494            6.3587556           0.3691907           0.                  0.                  
19.343498           19.850925           13.767772           14.974676           23.034513           18.270098           0.                  0.                  
2.408993            5.738161            8.910241            0.                  16.958858           20.833096           0.                  0.                  
2.9738088           3.5668268           17.166563           9.071514            28.32686            27.432531           0.                  0.                  
2.5958688           12.747594           18.10674            2.7321491           28.354996           30.752348           0.46210212          12.162773           
4.759426            27.82439            1.4741497           0.                  23.245556           9.821447            0.                  12.849486           
4.7145905           24.513584           0.                  0.                  18.342117           0.                  0.                  0.                  
9.42444             25.14887            0.                  0.                  21.847775           0.                  0.                  0.                  
