2.8162334           
-1.1651353          
0.2880668           
3.944794            
-1.2873957          
-0.98300374         
2.0359027           
0.9169706           
-2.9185653          
2.4857123           
-2.8996823          
2.8181453           
3.7712307           
1.1355597           
3.2846742           
1.3267605           
3.2673504           
-2.7247057          
1.9741884           
-0.859464           
5.599114            
4.358694            
0.16530453          
-1.0533262          
1.9038854           
-0.4827386          
2.9526932           
-3.008496           
-0.7169387          
2.3433478           
-1.0170053          
-0.8047067          
2.7217584           
2.3304536           
-8.40145            
-3.4600306          
-1.6755022          
-0.9017099          
3.9383202           
-4.734624           
-2.238956           
0.61080295          
-2.0592914          
3.2633867           
-1.9970889          
0.99361295          
8.310983            
5.1183014           
2.6987681           
4.5954914           
