3.51413879e+01      3.51413879e+01      9.26312866e+01      2.37523441e+01      2.37523441e+01      6.18450241e+01      6.18450241e+01      2.75990067e+01      2.15442543e+01      2.69111404e+01      2.34921761e+01      5.21978912e+01      2.17279739e+01      2.68396053e+01      2.68396053e+01      0.00000000e+00      
8.21451797e+01      8.21451797e+01      7.18209381e+01      3.12823029e+01      3.12823029e+01      2.56843071e+01      2.56843071e+01      1.79185905e+01      1.79185905e+01      0.00000000e+00      1.72749958e+01      3.17610664e+01      1.22917194e+01      1.55271807e+01      1.55271807e+01      0.00000000e+00      
1.40757370e+02      1.40757370e+02      3.37042503e+01      3.80056801e+01      3.80056801e+01      2.24584904e+01      1.15352650e+01      1.83901329e+01      0.00000000e+00      0.00000000e+00      1.72749958e+01      4.93022804e+01      3.06922569e+01      3.06922569e+01      0.00000000e+00      0.00000000e+00      
1.73243469e+02      1.73243469e+02      8.15107651e+01      2.16696739e+01      5.09252052e+01      5.09252052e+01      3.92973175e+01      1.83901329e+01      0.00000000e+00      1.19774494e+01      1.19774494e+01      4.93022804e+01      4.08567543e+01      6.22250443e+01      5.83916016e+01      0.00000000e+00      
1.73243469e+02      1.73243469e+02      1.01884697e+02      1.25024700e+00      5.64119530e+01      5.64119530e+01      5.51342430e+01      3.91710777e+01      8.65559769e+00      1.70893192e+01      4.55167122e+01      3.80280571e+01      8.91299515e+01      1.20077682e+02      1.20077682e+02      0.00000000e+00      
1.65981918e+02      1.45340118e+02      6.13081627e+01      1.22372421e+02      5.58619804e+01      3.55913963e+01      5.06140747e+01      4.92331619e+01      8.65559769e+00      1.27129860e+01      4.55167122e+01      2.03725052e+01      1.17561333e+02      1.21972527e+02      1.21972527e+02      0.00000000e+00      
1.49313156e+02      1.49313156e+02      8.32645321e+00      1.22372421e+02      1.15540466e+02      2.00585918e+01      4.70924416e+01      4.70924416e+01      6.53831196e+00      9.40968609e+00      1.99855480e+01      4.17265167e+01      1.17561333e+02      1.56510330e+02      1.56510330e+02      0.00000000e+00      
2.01496933e+02      1.18122215e+02      2.05051517e+00      4.00281105e+01      1.80555634e+02      1.80555634e+02      2.98947983e+01      2.23462372e+01      3.21086006e+01      3.21086006e+01      1.88697929e+01      1.60693954e+02      1.60693954e+02      2.98131592e+02      2.98131592e+02      0.00000000e+00      
2.01496933e+02      6.14558182e+01      1.78619347e+01      2.90084381e+01      1.80555634e+02      1.80555634e+02      1.14493950e+02      3.74971657e+01      4.11055222e+01      4.11055222e+01      2.47321167e+01      1.90411484e+02      3.48868896e+02      3.29058441e+02      3.29058441e+02      0.00000000e+00      
5.12624016e+01      2.59003258e+01      6.14858341e+00      6.14858341e+00      2.83125420e+01      2.27927856e+02      2.27927856e+02      5.05595360e+01      5.05595360e+01      4.11055222e+01      1.26648302e+01      1.22238258e+02      3.85899078e+02      2.57864532e+02      4.23296082e+02      0.00000000e+00      
1.27312822e+01      0.00000000e+00      0.00000000e+00      5.35227394e+00      0.00000000e+00      3.11311646e+02      3.11311646e+02      4.27610092e+01      4.27610092e+01      1.07171860e+01      4.62413883e+00      0.00000000e+00      3.78388367e+02      0.00000000e+00      4.23296082e+02      0.00000000e+00      
2.27793407e+00      9.16762066e+00      0.00000000e+00      0.00000000e+00      0.00000000e+00      3.11311646e+02      3.11311646e+02      4.75937748e+00      4.75937748e+00      4.14805412e-01      4.14805412e-01      1.81953793e+01      3.36338165e+02      0.00000000e+00      3.42721924e+02      1.19172592e+02      
6.65083218e+00      9.16762066e+00      0.00000000e+00      1.08426180e+01      2.70338459e+01      2.81402771e+02      2.81402771e+02      1.33398102e+02      5.14647751e+01      4.08314657e+00      4.08314657e+00      5.68407974e+01      2.74771637e+02      0.00000000e+00      2.20219879e+02      1.34805084e+02      
1.49379635e+01      0.00000000e+00      0.00000000e+00      1.08426180e+01      4.10612144e+01      2.87373138e+02      2.87373138e+02      1.45158096e+02      1.45158096e+02      0.00000000e+00      0.00000000e+00      5.13358231e+01      1.57422470e+02      3.62168732e+01      1.16829704e+02      1.16829704e+02      
1.49379635e+01      0.00000000e+00      0.00000000e+00      0.00000000e+00      3.15259304e+01      2.24828308e+02      2.24828308e+02      1.32416306e+02      1.32416306e+02      0.00000000e+00      0.00000000e+00      4.78428507e+00      3.52677574e+01      3.99372253e+01      3.99372253e+01      2.87672901e+01      
0.00000000e+00      0.00000000e+00      0.00000000e+00      0.00000000e+00      8.61344624e+00      3.62961807e+01      3.62961807e+01      1.31092472e+01      1.31092472e+01      0.00000000e+00      0.00000000e+00      1.30482330e+01      3.52677574e+01      3.52677574e+01      9.87907887e+00      0.00000000e+00      
3.74804115e+01      3.19211464e+01      2.73130417e+01      2.83058681e+01      9.72175217e+01      9.72175217e+01      2.32617912e+01      5.85549507e+01      5.85549507e+01      2.30804424e+01      1.49115610e+01      2.65793571e+01      2.65793571e+01      1.24124832e+01      1.70805225e+01      1.06376257e+01      
1.19012711e+02      4.43128700e+01      2.50521736e+01      4.46165390e+01      9.31175461e+01      6.83387146e+01      6.57532654e+01      6.57532654e+01      1.60530987e+01      1.49115610e+01      1.49115610e+01      1.90866337e+01      1.80350361e+01      1.61684475e+01      3.40743470e+00      0.00000000e+00      
1.43612305e+02      1.94099712e+01      0.00000000e+00      5.12986450e+01      4.77698746e+01      2.97563343e+01      6.57532654e+01      6.57532654e+01      5.95766983e+01      2.50288448e+01      0.00000000e+00      0.00000000e+00      1.61684475e+01      2.64521847e+01      4.77980957e+01      2.37519398e+01      
1.04937874e+02      0.00000000e+00      4.48919449e+01      6.26124649e+01      4.77698746e+01      3.26968231e+01      4.33510666e+01      1.64874020e+01      3.12625065e+01      2.44188747e+01      4.77614582e-01      1.43272104e+01      0.00000000e+00      4.61621513e+01      4.77980957e+01      2.37519398e+01      
9.53978729e+01      4.29361382e+01      4.48919449e+01      1.05570984e+02      2.95581646e+01      5.57017174e+01      5.57017174e+01      2.53043423e+01      2.53043423e+01      0.00000000e+00      0.00000000e+00      1.68218994e+01      0.00000000e+00      2.99971371e+01      3.56308289e+01      2.28220997e+01      
5.79379311e+01      1.87072659e+01      1.17133415e+02      1.17133415e+02      5.81408920e+01      5.81408920e+01      2.50364017e+01      2.53043423e+01      2.53043423e+01      7.00223625e-01      9.77504730e+00      9.77504730e+00      0.00000000e+00      2.99971371e+01      6.04182053e+01      6.04182053e+01      
8.20521851e+01      2.06909485e+02      2.12868057e+02      1.17133415e+02      5.81408920e+01      5.81408920e+01      0.00000000e+00      6.55930405e+01      6.55930405e+01      7.00223625e-01      9.77504730e+00      2.54830723e+01      2.54830723e+01      4.95279770e+01      8.73836823e+01      7.89349899e+01      
7.10728378e+01      2.06909485e+02      2.06909485e+02      0.00000000e+00      0.00000000e+00      1.02484541e+01      4.60602722e+01      1.14079132e+02      6.55930405e+01      1.00499144e+01      1.00499144e+01      8.37237549e+01      4.47885017e+01      7.51669464e+01      1.05929924e+02      6.41283951e+01      
1.17582993e+02      1.81858978e+02      0.00000000e+00      0.00000000e+00      0.00000000e+00      3.89515281e+00      4.83853569e+01      1.14079132e+02      0.00000000e+00      3.76142998e+01      1.44979111e+02      1.47370499e+02      5.77961235e+01      5.77961235e+01      7.16797180e+01      2.73875637e+01      
1.17582993e+02      2.48400059e+01      1.09447584e+01      0.00000000e+00      0.00000000e+00      0.00000000e+00      9.63604202e+01      1.66139206e+02      3.96578979e+01      7.38555450e+01      1.36263062e+02      1.36263062e+02      9.22393978e-01      8.69592209e+01      3.72775307e+01      2.73875637e+01      
1.01532455e+02      1.70163937e+01      1.60499916e+01      1.60499916e+01      6.43979073e+00      0.00000000e+00      1.39916718e+02      1.66139206e+02      2.26157131e+01      4.72839928e+00      0.00000000e+00      0.00000000e+00      1.00912504e+01      8.69592209e+01      8.54752636e+00      0.00000000e+00      
7.97752457e+01      1.69972115e+01      3.88028221e+01      1.60499916e+01      3.12109051e+01      0.00000000e+00      1.39916718e+02      1.39916718e+02      5.11729851e+01      0.00000000e+00      0.00000000e+00      0.00000000e+00      7.33730545e+01      7.33730545e+01      8.54752636e+00      0.00000000e+00      
1.04612526e+02      1.69972115e+01      1.69972115e+01      2.58333778e+01      3.12109051e+01      0.00000000e+00      4.98383942e+01      9.46757050e+01      1.02714905e+02      1.02714905e+02      0.00000000e+00      0.00000000e+00      9.88981323e+01      9.88981323e+01      9.62780476e+00      9.62780476e+00      
1.04612526e+02      1.31695747e+01      3.92010999e+00      2.48139801e+01      2.48139801e+01      0.00000000e+00      8.98111343e+01      7.20818329e+01      1.02714905e+02      1.02714905e+02      2.23509083e+01      3.28786163e+01      9.88981323e+01      9.88981323e+01      1.51558466e+01      1.51558466e+01      
1.40965820e+02      1.31695747e+01      1.18491144e+01      1.44900389e+01      1.44900389e+01      4.62903595e+01      8.98111343e+01      5.09547043e+01      2.80225716e+01      2.23509083e+01      2.23509083e+01      3.28786163e+01      3.56514587e+01      3.23388100e+01      3.23388100e+01      0.00000000e+00      
1.40965820e+02      7.04252243e+00      1.18491144e+01      1.44900389e+01      1.44900389e+01      4.62903595e+01      4.62903595e+01      2.80225716e+01      2.80225716e+01      8.61642456e+00      2.67712784e+00      1.08267612e+01      2.48913479e+01      3.23388100e+01      3.23388100e+01      0.00000000e+00      
1.21951046e+01      1.23577976e+01      2.33945847e+01      2.33945847e+01      5.78003311e+01      5.78003311e+01      6.19493484e+01      1.03317345e+02      1.03317345e+02      1.02061218e+02      1.02061218e+02      8.81784592e+01      8.86404419e+01      9.92091293e+01      1.08186829e+02      1.08186829e+02      
2.74555111e+01      0.00000000e+00      0.00000000e+00      0.00000000e+00      0.00000000e+00      0.00000000e+00      0.00000000e+00      0.00000000e+00      0.00000000e+00      0.00000000e+00      3.19144893e+00      3.19144893e+00      0.00000000e+00      0.00000000e+00      0.00000000e+00      4.10469818e+01      
2.74555111e+01      3.44895401e+01      3.79612274e+01      3.79612274e+01      1.60576000e+01      1.30546780e+01      0.00000000e+00      0.00000000e+00      0.00000000e+00      0.00000000e+00      1.08691483e+01      3.19128704e+01      1.48317919e+01      0.00000000e+00      0.00000000e+00      4.37325935e+01      
8.00755920e+01      8.00755920e+01      3.13122387e+01      3.13122387e+01      0.00000000e+00      2.05866642e+01      3.07783008e+00      0.00000000e+00      0.00000000e+00      0.00000000e+00      2.00946560e+01      3.32587585e+01      1.54239473e+01      0.00000000e+00      0.00000000e+00      3.68451157e+01      
8.40559845e+01      8.40559845e+01      3.58091125e+01      3.58091125e+01      2.28383408e+01      2.30964928e+01      3.07783008e+00      0.00000000e+00      0.00000000e+00      0.00000000e+00      1.86010647e+01      1.86010647e+01      6.51423788e+00      6.27118158e+00      0.00000000e+00      3.38789062e+01      
7.17585602e+01      9.81630402e+01      1.05841698e+02      5.60575066e+01      3.32711639e+01      1.09044952e+01      0.00000000e+00      0.00000000e+00      0.00000000e+00      1.94799919e+01      1.94799919e+01      6.99062681e+00      1.84244061e+01      1.84244061e+01      0.00000000e+00      1.10109901e+01      
1.16906235e+02      1.16906235e+02      9.81630402e+01      3.74537621e+01      3.32711639e+01      0.00000000e+00      2.43219318e+01      2.43219318e+01      0.00000000e+00      1.94799919e+01      1.94799919e+01      0.00000000e+00      4.50992165e+01      4.50992165e+01      0.00000000e+00      6.24316835e+00      
1.41943375e+02      1.41943375e+02      0.00000000e+00      2.92115383e+01      8.98149948e+01      8.98149948e+01      3.01635151e+01      2.79846573e+01      0.00000000e+00      2.59977126e+00      8.11894226e+01      8.11894226e+01      8.61003799e+01      8.61003799e+01      0.00000000e+00      1.70217152e+01      
3.36917877e+01      3.36917877e+01      0.00000000e+00      1.36508465e+01      1.07321434e+02      1.07321434e+02      3.01635151e+01      1.18360367e+02      1.45695541e+02      1.38563156e+02      1.17173073e+02      8.11894226e+01      6.64008865e+01      5.05825539e+01      0.00000000e+00      1.70217152e+01      
0.00000000e+00      0.00000000e+00      0.00000000e+00      0.00000000e+00      7.61921997e+01      7.61921997e+01      3.43821373e+01      1.18360367e+02      1.45695541e+02      1.38563156e+02      1.17173073e+02      1.79465141e+01      1.79465141e+01      0.00000000e+00      0.00000000e+00      0.00000000e+00      
0.00000000e+00      0.00000000e+00      0.00000000e+00      0.00000000e+00      4.94936657e+00      6.61308441e+01      5.00063896e+01      0.00000000e+00      0.00000000e+00      0.00000000e+00      0.00000000e+00      1.79465141e+01      1.79465141e+01      0.00000000e+00      0.00000000e+00      0.00000000e+00      
0.00000000e+00      0.00000000e+00      0.00000000e+00      0.00000000e+00      1.04033518e+00      6.61308441e+01      4.73231735e+01      0.00000000e+00      0.00000000e+00      0.00000000e+00      0.00000000e+00      0.00000000e+00      0.00000000e+00      0.00000000e+00      6.17491770e+00      6.17491770e+00      
0.00000000e+00      0.00000000e+00      0.00000000e+00      0.00000000e+00      1.45224571e+00      6.01460495e+01      6.01460495e+01      0.00000000e+00      0.00000000e+00      0.00000000e+00      0.00000000e+00      6.93658371e+01      6.93658371e+01      0.00000000e+00      1.48997850e+01      1.07690639e+01      
0.00000000e+00      0.00000000e+00      0.00000000e+00      0.00000000e+00      1.45224571e+00      7.14578781e+01      7.14578781e+01      0.00000000e+00      0.00000000e+00      0.00000000e+00      0.00000000e+00      6.93658371e+01      6.93658371e+01      0.00000000e+00      1.48997850e+01      1.23452482e+01      
0.00000000e+00      0.00000000e+00      0.00000000e+00      0.00000000e+00      9.18826962e+00      7.14578781e+01      7.14578781e+01      0.00000000e+00      0.00000000e+00      0.00000000e+00      0.00000000e+00      4.53384542e+00      0.00000000e+00      0.00000000e+00      0.00000000e+00      1.23452482e+01      
0.00000000e+00      0.00000000e+00      0.00000000e+00      0.00000000e+00      0.00000000e+00      0.00000000e+00      0.00000000e+00      0.00000000e+00      0.00000000e+00      0.00000000e+00      0.00000000e+00      0.00000000e+00      0.00000000e+00      0.00000000e+00      0.00000000e+00      0.00000000e+00      
1.77101860e+01      2.97798557e+01      1.25057735e+01      4.52519455e+01      7.03437347e+01      5.29234085e+01      3.30064049e+01      3.30064049e+01      1.80672703e+01      1.05626476e+00      3.76578331e+00      1.50084610e+01      1.81049747e+01      1.73508549e+01      3.64556770e+01      3.64556770e+01      
5.32496872e+01      1.04031334e+01      0.00000000e+00      5.51716232e+01      7.42364273e+01      5.38807869e+01      7.47778702e+01      7.35514832e+01      6.63498688e+01      6.07579498e+01      4.85702362e+01      6.07555771e+01      7.14899063e+01      6.92520447e+01      4.73083076e+01      3.70486832e+01      
1.20473907e+02      0.00000000e+00      1.80754509e+01      5.60788879e+01      5.91463013e+01      6.32132988e+01      7.47778702e+01      1.07591919e+02      1.17918488e+02      1.06042625e+02      8.52518921e+01      7.19575348e+01      7.19575348e+01      9.76566315e+01      1.05309280e+02      8.01743317e+01      
1.32574051e+02      0.00000000e+00      5.81357689e+01      7.47950439e+01      7.22320862e+01      9.04534988e+01      9.04534988e+01      1.21686714e+02      1.30895554e+02      1.26716782e+02      1.33190186e+02      1.33190186e+02      1.10171318e+02      1.33425018e+02      1.50873108e+02      1.19533051e+02      
1.31761658e+02      0.00000000e+00      5.81357689e+01      7.47950439e+01      9.28370819e+01      1.16006699e+02      1.11780586e+02      1.28657715e+02      1.30895554e+02      1.26716782e+02      1.41227890e+02      1.41227890e+02      1.11068436e+02      1.33425018e+02      1.50873108e+02      1.26781197e+02      
1.34752350e+02      8.93812370e+00      3.62059937e+01      5.60343132e+01      1.12757256e+02      1.23439888e+02      1.11780586e+02      1.28657715e+02      1.28657715e+02      1.16741722e+02      1.38310944e+02      1.38310944e+02      1.05038406e+02      9.76823730e+01      1.47905350e+02      1.26781197e+02      
1.34752350e+02      9.27525177e+01      9.27525177e+01      4.50189590e+01      1.12757256e+02      1.16005608e+02      1.00887825e+02      1.30664581e+02      1.30664581e+02      9.02381821e+01      9.95759125e+01      1.08902336e+02      7.42325439e+01      7.48097458e+01      1.40548767e+02      1.24953316e+02      
1.00968109e+02      9.95741119e+01      9.27525177e+01      3.75157394e+01      6.17377472e+01      7.79686966e+01      1.18947136e+02      1.42969193e+02      1.37835495e+02      1.01578323e+02      8.26318359e+01      7.70242691e+01      1.11414185e+01      6.83473129e+01      1.40548767e+02      1.23277405e+02      
1.61887314e+02      9.95741119e+01      9.04533081e+01      6.01856766e+01      2.05760326e+01      4.43339310e+01      1.12988655e+02      1.12988655e+02      6.48080978e+01      2.63853207e+01      7.83310165e+01      7.83310165e+01      3.68666153e+01      3.68666153e+01      1.13045387e+02      1.13045387e+02      
1.73278351e+02      8.32973328e+01      6.82147217e+01      6.01856766e+01      4.96758041e+01      0.00000000e+00      1.34672058e+02      1.34672058e+02      4.45766335e+01      6.84686203e+01      8.67502594e+01      7.83310165e+01      4.93476982e+01      6.12275620e+01      9.98925629e+01      9.98925629e+01      
1.70196579e+02      5.18929024e+01      4.59999695e+01      5.67504883e+01      5.67504883e+01      0.00000000e+00      1.57457016e+02      1.57457016e+02      6.83985901e+01      6.84686203e+01      7.74180832e+01      5.66762886e+01      8.57242203e+01      1.04158081e+02      8.94650116e+01      8.94650116e+01      
1.66237930e+02      5.58347206e+01      5.65255203e+01      4.89396667e+01      4.89396667e+01      0.00000000e+00      1.52019882e+02      1.52019882e+02      6.83985901e+01      5.17270355e+01      6.59349518e+01      6.59349518e+01      9.70345154e+01      1.04158081e+02      7.47262344e+01      7.47262344e+01      
1.69108490e+02      7.00032959e+01      6.51146851e+01      4.94414444e+01      4.06417847e+01      0.00000000e+00      1.03583290e+02      1.03583290e+02      7.05322723e+01      6.61991577e+01      5.51750069e+01      5.38465614e+01      9.52831039e+01      9.52831039e+01      3.75477257e+01      3.75477257e+01      
1.69108490e+02      7.51625519e+01      6.58208389e+01      5.56831589e+01      4.06417847e+01      0.00000000e+00      2.98609943e+01      3.49005699e+01      6.82130051e+01      6.82130051e+01      4.57832489e+01      9.94052887e+00      7.81988220e+01      7.81988220e+01      1.99909115e+01      1.99909115e+01      
1.76104233e+02      1.07255058e+02      1.06627747e+02      1.11741203e+02      1.03068611e+02      9.29182968e+01      1.05995979e+02      9.92735138e+01      1.07775833e+02      1.07775833e+02      9.69790802e+01      8.46544037e+01      8.46544037e+01      8.30588913e+01      7.74254990e+01      4.55669060e+01      
1.76104233e+02      1.07255058e+02      1.06627747e+02      1.11741203e+02      1.03068611e+02      9.29182968e+01      1.05995979e+02      9.92735138e+01      1.07775833e+02      1.07775833e+02      9.69790802e+01      8.46544037e+01      8.46544037e+01      8.30588913e+01      7.74254990e+01      4.55669060e+01      
6.43962173e+01      5.98025627e+01      2.58186111e+01      4.95974693e+01      4.61465111e+01      4.03593254e+01      4.03593254e+01      2.19048309e+01      2.92758827e+01      2.92758827e+01      0.00000000e+00      0.00000000e+00      0.00000000e+00      0.00000000e+00      1.31358957e+01      4.25484419e+00      
7.57015848e+00      3.77392159e+01      3.77392159e+01      7.29753342e+01      1.15213684e+02      1.15920715e+02      1.27397270e+02      1.27397270e+02      4.49425392e+01      6.36683426e+01      1.07947403e+02      1.14930389e+02      1.38396622e+02      1.38396622e+02      9.04826889e+01      6.04824905e+01      
5.56375542e+01      3.77392159e+01      3.77392159e+01      7.77191877e+00      3.35865746e+01      1.15920715e+02      1.27397270e+02      1.39197983e+02      1.24290298e+02      7.93248291e+01      1.07947403e+02      1.14930389e+02      1.38396622e+02      1.38396622e+02      9.04826889e+01      6.19492989e+01      
7.51001358e+01      1.76268311e+01      1.28690634e+01      2.85317078e+01      4.71897316e+01      5.80036163e+01      5.80036163e+01      6.48860092e+01      8.56422806e+01      7.93248291e+01      5.05181274e+01      1.72833652e+01      2.09478874e+01      6.13352089e+01      6.19492989e+01      6.19492989e+01      
7.45921021e+01      2.48493557e+01      1.59983444e+01      2.85317078e+01      2.01015244e+01      9.76138973e+00      4.75463562e+01      4.57070274e+01      9.23940849e+00      3.94607544e+01      4.03834839e+01      2.94220161e+01      3.00668201e+01      6.13352089e+01      6.13352089e+01      5.17270050e+01      
7.45921021e+01      2.48493557e+01      1.24465351e+01      1.24465351e+01      6.60272074e+00      2.01672134e+01      2.01672134e+01      2.17755623e+01      2.16548958e+01      1.30379524e+01      2.94220161e+01      2.94220161e+01      2.06841011e+01      2.42390785e+01      4.75076599e+01      4.75076599e+01      
4.32719040e+01      1.36978760e+01      4.57254143e+01      4.57254143e+01      1.39424973e+01      4.02253456e+01      4.02253456e+01      2.16548958e+01      2.16548958e+01      1.97838802e+01      1.97838802e+01      4.98848419e+01      4.98848419e+01      2.06841011e+01      4.14689178e+01      4.14689178e+01      
6.95770569e+01      5.02880020e+01      6.20527802e+01      6.61360168e+01      0.00000000e+00      2.58905754e+01      2.58905754e+01      6.55758047e+00      1.26912479e+01      2.26242714e+01      2.26242714e+01      4.98848419e+01      4.98848419e+01      5.69995537e+01      5.69995537e+01      4.14689178e+01      
8.83671646e+01      5.02880020e+01      4.18551254e+01      6.61360168e+01      3.06679459e+01      0.00000000e+00      4.77261238e+01      8.69652634e+01      5.22515831e+01      2.26242714e+01      5.25971794e+01      5.25971794e+01      5.80478706e+01      5.69995537e+01      5.69995537e+01      3.72299500e+01      
8.83671646e+01      4.30796127e+01      4.30796127e+01      3.14196815e+01      3.27155190e+01      6.02599561e-01      3.10466042e+01      5.67676582e+01      4.88804703e+01      6.21962013e+01      6.21962013e+01      5.25971794e+01      5.80478706e+01      2.97628841e+01      3.01599350e+01      3.72299500e+01      
7.88237839e+01      5.18470879e+01      4.30796127e+01      2.51000919e+01      3.47465057e+01      1.47456579e+01      3.10466042e+01      8.19198303e+01      8.08108444e+01      6.21962013e+01      6.21962013e+01      7.12368240e+01      5.02083931e+01      6.17297134e+01      3.08740520e+01      6.06212473e+00      
7.46839523e+01      5.18470879e+01      2.62877674e+01      2.62877674e+01      3.39543457e+01      3.39543457e+01      1.09358780e+02      1.09358780e+02      5.02033119e+01      5.91776962e+01      4.64403839e+01      7.12368240e+01      5.02083931e+01      6.17297134e+01      3.42138023e+01      1.52688780e+01      
5.72621193e+01      2.55937443e+01      2.62877674e+01      2.62877674e+01      3.39543457e+01      4.79738884e+01      1.09358780e+02      1.52742615e+02      1.06096054e+02      5.10745544e+01      1.81588478e+01      1.81588478e+01      1.46058130e+01      2.39606152e+01      1.52688780e+01      1.52688780e+01      
6.63472900e+01      3.95702629e+01      4.44714432e+01      4.13249550e+01      3.77317924e+01      5.89313507e+01      5.89313507e+01      5.14157028e+01      6.99812088e+01      5.10745544e+01      1.65476418e+01      1.27696438e+01      0.00000000e+00      3.25548859e+01      3.25548859e+01      5.63522816e+00      
5.53260307e+01      3.95702629e+01      4.44714432e+01      4.22073631e+01      3.77317924e+01      2.44122276e+01      4.14208641e+01      4.14208641e+01      2.22430439e+01      1.59366655e+01      4.71714783e+01      5.00105057e+01      5.00105057e+01      3.52920837e+01      4.80168991e+01      4.05262680e+01      
1.05346451e+02      7.50446167e+01      6.89325943e+01      8.73808517e+01      1.22133430e+02      1.23042160e+02      1.06298531e+02      1.08029953e+02      1.08029953e+02      1.00726250e+02      9.14472122e+01      7.51743622e+01      1.04652863e+02      1.07056160e+02      9.82741547e+01      9.67497330e+01      
