 
[[[0.00000000e+00 1.17418349e+00 7.09409094e+00 3.57292324e-01]
  [5.38867712e-01 2.61701560e+00 1.31302404e+01 7.94985294e-01]
  [3.13988304e+00 7.99742162e-01 1.51546698e+01 7.31910086e+00]
  [4.15120173e+00 8.70775878e-01 6.32923555e+00 5.39760065e+00]]

 [[5.42918587e+00 2.83821964e+00 1.65954077e+00 2.45074296e+00]
  [1.01648378e+00 4.10809815e-01 0.00000000e+00 0.00000000e+00]
  [2.09618402e+00 0.00000000e+00 0.00000000e+00 0.00000000e+00]
  [6.19580841e+00 0.00000000e+00 2.58119196e-01 0.00000000e+00]]

 [[0.00000000e+00 0.00000000e+00 2.19670936e-01 2.25659013e-01]
  [3.02405429e+00 1.50623155e+00 3.59748960e-01 2.80759603e-01]
  [1.88463593e+00 1.76441848e+00 3.99742770e+00 4.96413231e+00]
  [1.33291519e+00 1.44727075e+00 1.53366578e+00 1.75421858e+00]]

 [[2.64386201e+00 2.36260343e+00 9.80345726e-01 1.32961702e+00]
  [0.00000000e+00 0.00000000e+00 1.53616011e+00 1.48468816e+00]
  [1.40535569e+00 2.49374557e+00 7.14673281e+00 5.73340654e+00]
  [4.50224352e+00 6.84031057e+00 8.74793911e+00 3.73070240e+00]]

 [[1.68628097e+00 9.40429926e-01 1.16120315e+00 9.36794281e-01]
  [6.21614575e-01 1.22117567e+00 2.78357363e+00 1.38705444e+00]
  [4.59125710e+00 1.95739448e+00 0.00000000e+00 0.00000000e+00]
  [4.84744430e-01 0.00000000e+00 0.00000000e+00 0.00000000e+00]]

 [[8.15014267e+00 1.20366688e+01 9.89841080e+00 4.83604908e+00]
  [3.31526828e+00 6.71943188e+00 1.12071762e+01 8.30919552e+00]
  [3.86654329e+00 3.08660340e+00 4.15962791e+00 4.08952379e+00]
  [7.85923004e+00 3.05238891e+00 4.07786894e+00 5.03049755e+00]]

 [[1.03460732e+01 7.44766474e+00 9.35564804e+00 6.36024237e+00]
  [1.46313972e+01 3.55258155e+00 2.24866843e+00 1.62356567e+00]
  [1.20366955e+01 6.18769836e+00 2.51858532e-01 4.59558487e-01]
  [3.39568210e+00 9.16292191e+00 4.76466894e+00 2.25848246e+00]]

 [[3.32924098e-01 3.32924098e-01 1.25976753e+01 2.18866749e+01]
  [0.00000000e+00 0.00000000e+00 1.13122759e+01 9.96882153e+00]
  [0.00000000e+00 0.00000000e+00 5.03749228e+00 2.65187597e+00]
  [0.00000000e+00 0.00000000e+00 0.00000000e+00 0.00000000e+00]]

 [[6.43081951e+00 8.20876026e+00 1.14116611e+01 3.29996037e+00]
  [9.21098995e+00 1.36585236e+01 1.99013367e+01 8.23796749e+00]
  [9.24971962e+00 1.36043816e+01 1.00209522e+01 4.42509985e+00]
  [2.17203975e+00 2.23619127e+00 1.65710127e+00 1.96275139e+00]]

 [[4.63859797e+00 0.00000000e+00 0.00000000e+00 2.01547432e+00]
  [9.58249760e+00 3.59151840e+00 1.24994707e+00 1.16120958e+00]
  [1.31512794e+01 1.22225676e+01 8.21414948e+00 9.64917755e+00]
  [1.35651779e+01 1.33462677e+01 4.69940901e+00 7.04911327e+00]]

 [[0.00000000e+00 6.45381629e-01 1.97492111e+00 0.00000000e+00]
  [0.00000000e+00 0.00000000e+00 0.00000000e+00 0.00000000e+00]
  [0.00000000e+00 0.00000000e+00 0.00000000e+00 0.00000000e+00]
  [0.00000000e+00 0.00000000e+00 0.00000000e+00 0.00000000e+00]]

 [[9.13625002e-01 0.00000000e+00 2.09009107e-02 4.14252907e-01]
  [2.71272564e+00 1.22255266e+00 2.09009107e-02 4.14252907e-01]
  [0.00000000e+00 0.00000000e+00 0.00000000e+00 0.00000000e+00]
  [0.00000000e+00 0.00000000e+00 0.00000000e+00 0.00000000e+00]]

 [[1.77166119e-01 1.36667061e+00 2.52943397e+00 0.00000000e+00]
  [2.55436802e+00 3.13698578e+00 0.00000000e+00 0.00000000e+00]
  [3.76060772e+00 8.72290611e+00 3.33066988e+00 1.33514509e-01]
  [3.16089725e+00 1.75819492e+00 4.91055918e+00 0.00000000e+00]]

 [[0.00000000e+00 0.00000000e+00 0.00000000e+00 0.00000000e+00]
  [0.00000000e+00 0.00000000e+00 0.00000000e+00 0.00000000e+00]
  [0.00000000e+00 0.00000000e+00 7.11370707e-01 0.00000000e+00]
  [0.00000000e+00 0.00000000e+00 3.58679175e+00 1.66022032e-02]]

 [[1.20067635e+01 1.06500311e+01 9.53605652e+00 0.00000000e+00]
  [8.24608898e+00 1.44031029e+01 1.70134201e+01 2.10414577e+00]
  [1.07484827e+01 1.02506342e+01 1.23309517e+01 4.24572706e+00]
  [1.06335802e+01 6.69831514e+00 6.69831514e+00 0.00000000e+00]]], 
