 
[[[9.56480789e+00 0.00000000e+00 0.00000000e+00 0.00000000e+00
   0.00000000e+00 0.00000000e+00 0.00000000e+00 0.00000000e+00
   0.00000000e+00 0.00000000e+00 0.00000000e+00 0.00000000e+00
   0.00000000e+00 0.00000000e+00 0.00000000e+00 0.00000000e+00]
  [2.62552376e+01 0.00000000e+00 0.00000000e+00 0.00000000e+00
   1.39183912e+01 0.00000000e+00 0.00000000e+00 0.00000000e+00
   0.00000000e+00 4.24990368e+00 1.30187988e+01 9.65331197e-02
   0.00000000e+00 0.00000000e+00 0.00000000e+00 0.00000000e+00]
  [2.32494144e+01 0.00000000e+00 0.00000000e+00 3.78081360e+01
   5.83621330e+01 2.96683598e+01 4.63969116e+01 4.27256317e+01
   2.80621719e+01 2.86829147e+01 0.00000000e+00 0.00000000e+00
   0.00000000e+00 0.00000000e+00 0.00000000e+00 0.00000000e+00]
  [0.00000000e+00 0.00000000e+00 0.00000000e+00 3.55998383e+01
   1.07032261e+01 1.10382023e+01 1.71884708e+01 2.14669952e+01
   2.27111549e+01 0.00000000e+00 0.00000000e+00 0.00000000e+00
   0.00000000e+00 0.00000000e+00 0.00000000e+00 0.00000000e+00]
  [0.00000000e+00 0.00000000e+00 0.00000000e+00 0.00000000e+00
   0.00000000e+00 2.92533803e+00 1.45554733e+01 0.00000000e+00
   2.91445923e+00 0.00000000e+00 0.00000000e+00 0.00000000e+00
   0.00000000e+00 0.00000000e+00 0.00000000e+00 0.00000000e+00]
  [0.00000000e+00 0.00000000e+00 0.00000000e+00 4.28134155e+01
   1.13344107e+01 2.16579437e+01 0.00000000e+00 0.00000000e+00
   0.00000000e+00 3.67109513e+00 7.71662664e+00 0.00000000e+00
   0.00000000e+00 0.00000000e+00 0.00000000e+00 0.00000000e+00]
  [0.00000000e+00 0.00000000e+00 9.38798523e+01 7.76706009e+01
   3.00570755e+01 0.00000000e+00 0.00000000e+00 3.41615753e+01
   3.50438766e+01 1.08579378e+01 1.35796309e+01 0.00000000e+00
   0.00000000e+00 0.00000000e+00 0.00000000e+00 0.00000000e+00]
  [0.00000000e+00 1.82944698e+01 1.01005241e+02 2.64909601e+00
   0.00000000e+00 0.00000000e+00 0.00000000e+00 9.46857452e+01
   3.81547394e+01 0.00000000e+00 0.00000000e+00 0.00000000e+00
   0.00000000e+00 0.00000000e+00 0.00000000e+00 0.00000000e+00]
  [1.62138786e+01 1.01303154e+02 3.03340111e+01 0.00000000e+00
   0.00000000e+00 0.00000000e+00 0.00000000e+00 0.00000000e+00
   0.00000000e+00 0.00000000e+00 1.71441345e+01 0.00000000e+00
   0.00000000e+00 0.00000000e+00 0.00000000e+00 0.00000000e+00]
  [9.24579391e+01 5.22272987e+01 0.00000000e+00 0.00000000e+00
   0.00000000e+00 0.00000000e+00 0.00000000e+00 0.00000000e+00
   0.00000000e+00 2.21852417e+01 1.01703178e+02 0.00000000e+00
   0.00000000e+00 0.00000000e+00 0.00000000e+00 0.00000000e+00]
  [9.33491516e+01 1.26074934e+01 1.25817966e+01 1.14663334e+01
   0.00000000e+00 0.00000000e+00 0.00000000e+00 0.00000000e+00
   0.00000000e+00 7.16880112e+01 8.07496033e+01 0.00000000e+00
   0.00000000e+00 0.00000000e+00 0.00000000e+00 0.00000000e+00]
  [7.02476883e+01 0.00000000e+00 2.16123447e+01 1.41118250e+01
   0.00000000e+00 0.00000000e+00 0.00000000e+00 0.00000000e+00
   0.00000000e+00 3.42187119e+01 3.36056328e+01 0.00000000e+00
   0.00000000e+00 0.00000000e+00 0.00000000e+00 0.00000000e+00]
  [7.53752899e+01 2.80086279e+00 2.71500301e+01 1.72187977e+01
   0.00000000e+00 0.00000000e+00 0.00000000e+00 0.00000000e+00
   0.00000000e+00 0.00000000e+00 0.00000000e+00 0.00000000e+00
   0.00000000e+00 0.00000000e+00 0.00000000e+00 0.00000000e+00]
  [7.78844147e+01 0.00000000e+00 1.89581890e+01 0.00000000e+00
   0.00000000e+00 0.00000000e+00 0.00000000e+00 0.00000000e+00
   0.00000000e+00 0.00000000e+00 0.00000000e+00 0.00000000e+00
   7.11135626e-01 0.00000000e+00 0.00000000e+00 0.00000000e+00]
  [8.84224014e+01 0.00000000e+00 1.97065945e+01 0.00000000e+00
   0.00000000e+00 0.00000000e+00 0.00000000e+00 0.00000000e+00
   0.00000000e+00 0.00000000e+00 0.00000000e+00 0.00000000e+00
   3.02402992e+01 0.00000000e+00 0.00000000e+00 0.00000000e+00]
  [7.29926376e+01 0.00000000e+00 2.10710468e+01 0.00000000e+00
   0.00000000e+00 0.00000000e+00 1.12607803e+01 0.00000000e+00
   0.00000000e+00 1.93283939e+01 1.50311339e+00 8.58765125e+00
   5.14651728e+00 0.00000000e+00 0.00000000e+00 0.00000000e+00]]

 [[0.00000000e+00 0.00000000e+00 0.00000000e+00 0.00000000e+00
   0.00000000e+00 0.00000000e+00 0.00000000e+00 0.00000000e+00
   0.00000000e+00 0.00000000e+00 0.00000000e+00 0.00000000e+00
   0.00000000e+00 0.00000000e+00 0.00000000e+00 1.18201628e+01]
  [0.00000000e+00 0.00000000e+00 0.00000000e+00 0.00000000e+00
   0.00000000e+00 0.00000000e+00 0.00000000e+00 0.00000000e+00
   0.00000000e+00 0.00000000e+00 0.00000000e+00 0.00000000e+00
   0.00000000e+00 0.00000000e+00 1.12677841e+01 2.76761112e+01]
  [0.00000000e+00 0.00000000e+00 0.00000000e+00 1.53628702e+01
   3.66273761e+00 0.00000000e+00 0.00000000e+00 0.00000000e+00
   0.00000000e+00 0.00000000e+00 0.00000000e+00 0.00000000e+00
   0.00000000e+00 0.00000000e+00 0.00000000e+00 7.55905294e+00]
  [0.00000000e+00 0.00000000e+00 0.00000000e+00 1.93169880e+01
   0.00000000e+00 0.00000000e+00 8.41966820e+00 1.41903086e+01
   1.69058247e+01 1.69915314e+01 0.00000000e+00 0.00000000e+00
   0.00000000e+00 0.00000000e+00 0.00000000e+00 0.00000000e+00]
  [0.00000000e+00 0.00000000e+00 0.00000000e+00 0.00000000e+00
   0.00000000e+00 0.00000000e+00 0.00000000e+00 0.00000000e+00
   0.00000000e+00 0.00000000e+00 0.00000000e+00 0.00000000e+00
   0.00000000e+00 0.00000000e+00 0.00000000e+00 0.00000000e+00]
  [0.00000000e+00 0.00000000e+00 0.00000000e+00 0.00000000e+00
   0.00000000e+00 0.00000000e+00 0.00000000e+00 0.00000000e+00
   0.00000000e+00 0.00000000e+00 0.00000000e+00 0.00000000e+00
   0.00000000e+00 0.00000000e+00 0.00000000e+00 7.42379141e+00]
  [0.00000000e+00 0.00000000e+00 0.00000000e+00 0.00000000e+00
   0.00000000e+00 0.00000000e+00 0.00000000e+00 0.00000000e+00
   0.00000000e+00 2.71266041e+01 1.78689003e+01 0.00000000e+00
   0.00000000e+00 0.00000000e+00 0.00000000e+00 1.84957752e+01]
  [0.00000000e+00 0.00000000e+00 0.00000000e+00 0.00000000e+00
   0.00000000e+00 0.00000000e+00 0.00000000e+00 0.00000000e+00
   0.00000000e+00 1.01208210e+01 0.00000000e+00 0.00000000e+00
   0.00000000e+00 0.00000000e+00 0.00000000e+00 0.00000000e+00]
  [0.00000000e+00 0.00000000e+00 0.00000000e+00 0.00000000e+00
   0.00000000e+00 0.00000000e+00 0.00000000e+00 0.00000000e+00
   0.00000000e+00 0.00000000e+00 0.00000000e+00 0.00000000e+00
   0.00000000e+00 0.00000000e+00 0.00000000e+00 1.13070226e+00]
  [0.00000000e+00 0.00000000e+00 2.80771751e+01 0.00000000e+00
   0.00000000e+00 0.00000000e+00 0.00000000e+00 0.00000000e+00
   1.73649235e+01 1.00610769e+00 0.00000000e+00 0.00000000e+00
   0.00000000e+00 0.00000000e+00 0.00000000e+00 2.38802872e+01]
  [0.00000000e+00 3.09928570e+01 4.89663391e+01 1.77324963e+01
   0.00000000e+00 0.00000000e+00 0.00000000e+00 0.00000000e+00
   3.78210411e+01 5.75920486e+01 1.70335865e+01 0.00000000e+00
   0.00000000e+00 0.00000000e+00 0.00000000e+00 1.59980907e+01]
  [0.00000000e+00 5.24353385e-01 1.11597757e+01 0.00000000e+00
   0.00000000e+00 0.00000000e+00 0.00000000e+00 0.00000000e+00
   5.06691246e+01 6.65786591e+01 6.07206192e+01 0.00000000e+00
   0.00000000e+00 0.00000000e+00 0.00000000e+00 0.00000000e+00]
  [0.00000000e+00 0.00000000e+00 0.00000000e+00 0.00000000e+00
   0.00000000e+00 0.00000000e+00 0.00000000e+00 0.00000000e+00
   5.48927665e-01 2.36692142e+01 2.38275814e+01 0.00000000e+00
   0.00000000e+00 0.00000000e+00 0.00000000e+00 0.00000000e+00]
  [0.00000000e+00 0.00000000e+00 0.00000000e+00 0.00000000e+00
   0.00000000e+00 0.00000000e+00 0.00000000e+00 0.00000000e+00
   0.00000000e+00 0.00000000e+00 0.00000000e+00 0.00000000e+00
   0.00000000e+00 0.00000000e+00 0.00000000e+00 0.00000000e+00]
  [0.00000000e+00 0.00000000e+00 0.00000000e+00 0.00000000e+00
   0.00000000e+00 0.00000000e+00 0.00000000e+00 0.00000000e+00
   0.00000000e+00 0.00000000e+00 0.00000000e+00 0.00000000e+00
   0.00000000e+00 0.00000000e+00 0.00000000e+00 0.00000000e+00]
  [0.00000000e+00 1.78579769e+01 2.54405041e+01 3.69618988e+01
   0.00000000e+00 0.00000000e+00 8.99948406e+00 4.68356171e+01
   6.23702049e+01 6.34514809e+01 5.43854980e+01 2.35827427e+01
   1.25643101e+01 1.48581905e+01 2.53213253e+01 3.99383545e+01]]

 [[5.78241587e+00 9.52922630e+00 3.80068130e+01 0.00000000e+00
   0.00000000e+00 0.00000000e+00 0.00000000e+00 1.97555389e+01
   3.21043663e+01 3.08563805e+01 3.05050552e-01 0.00000000e+00
   0.00000000e+00 0.00000000e+00 2.62404690e+01 4.20609245e+01]
  [0.00000000e+00 0.00000000e+00 1.42949553e+01 0.00000000e+00
   0.00000000e+00 0.00000000e+00 0.00000000e+00 0.00000000e+00
   0.00000000e+00 0.00000000e+00 0.00000000e+00 0.00000000e+00
   0.00000000e+00 0.00000000e+00 0.00000000e+00 3.06490841e+01]
  [0.00000000e+00 0.00000000e+00 2.20643196e+01 0.00000000e+00
   0.00000000e+00 0.00000000e+00 0.00000000e+00 0.00000000e+00
   0.00000000e+00 0.00000000e+00 0.00000000e+00 0.00000000e+00
   0.00000000e+00 0.00000000e+00 0.00000000e+00 1.72365532e+01]
  [0.00000000e+00 0.00000000e+00 3.52429810e+01 0.00000000e+00
   0.00000000e+00 0.00000000e+00 0.00000000e+00 0.00000000e+00
   0.00000000e+00 0.00000000e+00 0.00000000e+00 0.00000000e+00
   0.00000000e+00 0.00000000e+00 0.00000000e+00 0.00000000e+00]
  [0.00000000e+00 0.00000000e+00 3.49118519e+00 0.00000000e+00
   0.00000000e+00 0.00000000e+00 0.00000000e+00 0.00000000e+00
   0.00000000e+00 0.00000000e+00 0.00000000e+00 0.00000000e+00
   0.00000000e+00 0.00000000e+00 0.00000000e+00 0.00000000e+00]
  [0.00000000e+00 0.00000000e+00 0.00000000e+00 3.04764056e+00
   0.00000000e+00 0.00000000e+00 0.00000000e+00 0.00000000e+00
   0.00000000e+00 0.00000000e+00 0.00000000e+00 0.00000000e+00
   0.00000000e+00 0.00000000e+00 0.00000000e+00 0.00000000e+00]
  [0.00000000e+00 0.00000000e+00 0.00000000e+00 0.00000000e+00
   0.00000000e+00 0.00000000e+00 0.00000000e+00 0.00000000e+00
   0.00000000e+00 0.00000000e+00 0.00000000e+00 0.00000000e+00
   0.00000000e+00 0.00000000e+00 0.00000000e+00 0.00000000e+00]
  [0.00000000e+00 0.00000000e+00 0.00000000e+00 0.00000000e+00
   0.00000000e+00 0.00000000e+00 0.00000000e+00 0.00000000e+00
   0.00000000e+00 0.00000000e+00 0.00000000e+00 0.00000000e+00
   0.00000000e+00 0.00000000e+00 0.00000000e+00 4.91346979e+00]
  [0.00000000e+00 0.00000000e+00 4.30796967e+01 0.00000000e+00
   0.00000000e+00 0.00000000e+00 0.00000000e+00 0.00000000e+00
   0.00000000e+00 0.00000000e+00 0.00000000e+00 0.00000000e+00
   0.00000000e+00 0.00000000e+00 0.00000000e+00 6.06033211e+01]
  [0.00000000e+00 0.00000000e+00 4.82555389e+01 4.75218964e+00
   0.00000000e+00 0.00000000e+00 0.00000000e+00 0.00000000e+00
   0.00000000e+00 0.00000000e+00 0.00000000e+00 0.00000000e+00
   0.00000000e+00 0.00000000e+00 0.00000000e+00 8.64624405e+01]
  [0.00000000e+00 0.00000000e+00 0.00000000e+00 0.00000000e+00
   0.00000000e+00 0.00000000e+00 0.00000000e+00 0.00000000e+00
   0.00000000e+00 2.31106415e+01 2.08735657e+01 0.00000000e+00
   0.00000000e+00 0.00000000e+00 0.00000000e+00 7.20302048e+01]
  [0.00000000e+00 0.00000000e+00 0.00000000e+00 0.00000000e+00
   0.00000000e+00 0.00000000e+00 0.00000000e+00 0.00000000e+00
   0.00000000e+00 7.41977453e+00 8.55554352e+01 0.00000000e+00
   0.00000000e+00 0.00000000e+00 0.00000000e+00 4.33392944e+01]
  [0.00000000e+00 0.00000000e+00 0.00000000e+00 0.00000000e+00
   0.00000000e+00 0.00000000e+00 0.00000000e+00 5.99893713e+00
   0.00000000e+00 0.00000000e+00 4.29118767e+01 0.00000000e+00
   0.00000000e+00 0.00000000e+00 0.00000000e+00 6.69549274e+00]
  [0.00000000e+00 0.00000000e+00 0.00000000e+00 2.04735017e+00
   1.45746260e+01 0.00000000e+00 0.00000000e+00 1.78393879e+01
   0.00000000e+00 7.01422989e-01 4.97214279e+01 0.00000000e+00
   0.00000000e+00 0.00000000e+00 0.00000000e+00 1.02105200e+00]
  [0.00000000e+00 0.00000000e+00 0.00000000e+00 0.00000000e+00
   0.00000000e+00 0.00000000e+00 0.00000000e+00 0.00000000e+00
   0.00000000e+00 0.00000000e+00 0.00000000e+00 0.00000000e+00
   0.00000000e+00 0.00000000e+00 0.00000000e+00 0.00000000e+00]
  [0.00000000e+00 0.00000000e+00 0.00000000e+00 0.00000000e+00
   0.00000000e+00 0.00000000e+00 0.00000000e+00 0.00000000e+00
   0.00000000e+00 0.00000000e+00 0.00000000e+00 0.00000000e+00
   0.00000000e+00 0.00000000e+00 0.00000000e+00 0.00000000e+00]]

 [[6.26615753e+01 2.01842976e+01 0.00000000e+00 2.80223351e+01
   7.77345581e+01 4.02546005e+01 8.48476219e+00 5.39504719e+00
   0.00000000e+00 0.00000000e+00 0.00000000e+00 0.00000000e+00
   0.00000000e+00 0.00000000e+00 0.00000000e+00 0.00000000e+00]
  [7.12208939e+01 1.13962250e+01 0.00000000e+00 0.00000000e+00
   5.72703133e+01 6.29313850e+01 6.41839600e+01 4.54665833e+01
   2.03615646e+01 0.00000000e+00 0.00000000e+00 0.00000000e+00
   2.46410584e+00 3.14058132e+01 0.00000000e+00 0.00000000e+00]
  [7.07513275e+01 1.24085307e+00 0.00000000e+00 0.00000000e+00
   0.00000000e+00 0.00000000e+00 2.28614464e+01 4.19059029e+01
   5.98852692e+01 2.45736370e+01 0.00000000e+00 0.00000000e+00
   0.00000000e+00 6.99390488e+01 9.88669739e+01 0.00000000e+00]
  [5.82417030e+01 0.00000000e+00 0.00000000e+00 0.00000000e+00
   0.00000000e+00 0.00000000e+00 0.00000000e+00 0.00000000e+00
   4.77731133e+01 5.38285942e+01 3.06984043e+01 0.00000000e+00
   0.00000000e+00 1.42576303e+01 1.15630852e+02 6.87140884e+01]
  [5.80836334e+01 0.00000000e+00 0.00000000e+00 0.00000000e+00
   0.00000000e+00 7.90575838e+00 0.00000000e+00 0.00000000e+00
   5.57577753e+00 0.00000000e+00 4.28478889e+01 2.85136108e+01
   0.00000000e+00 0.00000000e+00 9.41386337e+01 9.02080765e+01]
  [2.76665688e+01 4.56024790e+00 0.00000000e+00 0.00000000e+00
   0.00000000e+00 2.67531910e+01 0.00000000e+00 2.51731186e+01
   1.95083103e+01 0.00000000e+00 5.41074324e+00 4.39043121e+01
   0.00000000e+00 0.00000000e+00 9.24754639e+01 9.44936829e+01]
  [0.00000000e+00 7.04818268e+01 0.00000000e+00 0.00000000e+00
   0.00000000e+00 1.75941792e+01 1.63830197e+00 7.79135323e+00
   1.59669237e+01 0.00000000e+00 0.00000000e+00 4.40100136e+01
   0.00000000e+00 0.00000000e+00 8.53971405e+01 9.96364212e+01]
  [0.00000000e+00 6.17657433e+01 5.27258911e+01 2.94422188e+01
   0.00000000e+00 0.00000000e+00 3.94124336e+01 5.25968590e+01
   0.00000000e+00 0.00000000e+00 2.27900243e+00 1.72654018e+01
   0.00000000e+00 0.00000000e+00 5.51866188e+01 9.35761261e+01]
  [5.00287552e+01 4.02682610e+01 0.00000000e+00 9.82208710e+01
   0.00000000e+00 0.00000000e+00 4.44541779e+01 1.18674492e+02
   0.00000000e+00 0.00000000e+00 8.95537376e+00 4.80319176e+01
   0.00000000e+00 0.00000000e+00 0.00000000e+00 4.11415672e+01]
  [9.92146378e+01 5.98597298e+01 0.00000000e+00 6.96062393e+01
   1.08659048e+01 0.00000000e+00 3.81354218e+01 1.60143890e+02
   0.00000000e+00 0.00000000e+00 0.00000000e+00 5.88002625e+01
   0.00000000e+00 1.86547394e+01 0.00000000e+00 2.48834019e+01]
  [8.56509094e+01 5.37114449e+01 0.00000000e+00 5.12245483e+01
   3.39607353e+01 0.00000000e+00 0.00000000e+00 1.49904068e+02
   3.87499886e+01 0.00000000e+00 0.00000000e+00 0.00000000e+00
   0.00000000e+00 7.83633804e+01 0.00000000e+00 3.73667622e+00]
  [7.91765671e+01 6.44110031e+01 0.00000000e+00 3.32098351e+01
   1.53565102e+01 0.00000000e+00 0.00000000e+00 1.13035240e+02
   8.05675430e+01 0.00000000e+00 0.00000000e+00 0.00000000e+00
   0.00000000e+00 1.12874077e+02 0.00000000e+00 0.00000000e+00]
  [8.63341370e+01 7.17208633e+01 0.00000000e+00 1.87792797e+01
   3.35870647e+00 0.00000000e+00 0.00000000e+00 0.00000000e+00
   5.57419815e+01 6.21702919e+01 0.00000000e+00 0.00000000e+00
   0.00000000e+00 7.59803619e+01 2.03693485e+01 0.00000000e+00]
  [9.74794540e+01 8.20399017e+01 0.00000000e+00 2.63399925e+01
   2.50252953e+01 0.00000000e+00 0.00000000e+00 0.00000000e+00
   0.00000000e+00 9.43255539e+01 2.19427800e+00 0.00000000e+00
   0.00000000e+00 2.10944901e+01 3.09210587e+01 0.00000000e+00]
  [7.33734741e+01 9.67047501e+01 3.36065254e+01 5.53986168e+01
   6.76248856e+01 3.05129929e+01 0.00000000e+00 0.00000000e+00
   0.00000000e+00 3.46826591e+01 5.23814125e+01 3.67768669e+01
   0.00000000e+00 0.00000000e+00 5.16888695e+01 1.48706636e+01]
  [2.52077961e+01 7.71161652e+01 3.98719254e+01 1.70966396e+01
   3.97193756e+01 5.26770782e+01 2.31562862e+01 0.00000000e+00
   0.00000000e+00 0.00000000e+00 1.25180159e+01 4.10592842e+01
   2.57848854e+01 1.47389269e+01 6.34083366e+01 7.06847458e+01]]

 [[0.00000000e+00 2.41132808e+00 0.00000000e+00 0.00000000e+00
   2.59821916e+00 7.32972956e+00 1.92062283e+01 1.76734200e+01
   0.00000000e+00 0.00000000e+00 0.00000000e+00 0.00000000e+00
   0.00000000e+00 0.00000000e+00 1.15615654e+01 8.80391502e+00]
  [0.00000000e+00 7.36240053e+00 1.58120422e+01 1.19256840e+01
   0.00000000e+00 4.94673777e+00 1.91324368e+01 4.94079351e+00
   3.51076388e+00 8.74228382e+00 0.00000000e+00 0.00000000e+00
   0.00000000e+00 0.00000000e+00 3.57181334e+00 1.37807465e+01]
  [1.48620987e+01 2.77599468e+01 3.07432575e+01 4.28120518e+00
   0.00000000e+00 0.00000000e+00 0.00000000e+00 0.00000000e+00
   0.00000000e+00 0.00000000e+00 0.00000000e+00 0.00000000e+00
   0.00000000e+00 0.00000000e+00 0.00000000e+00 0.00000000e+00]
  [1.42090893e+01 4.23027878e+01 4.29598846e+01 0.00000000e+00
   2.65991259e+00 7.68061399e+00 1.31579876e+01 0.00000000e+00
   0.00000000e+00 0.00000000e+00 0.00000000e+00 4.27098894e+00
   0.00000000e+00 0.00000000e+00 0.00000000e+00 0.00000000e+00]
  [7.84713554e+00 4.36784401e+01 7.29460449e+01 8.37812233e+00
   1.20368919e+01 2.50510216e+01 4.80380583e+00 0.00000000e+00
   5.47416258e+00 0.00000000e+00 0.00000000e+00 0.00000000e+00
   0.00000000e+00 0.00000000e+00 0.00000000e+00 1.03317428e+00]
  [2.07941628e+01 6.51868362e+01 9.52208939e+01 3.70895958e+01
   0.00000000e+00 0.00000000e+00 0.00000000e+00 0.00000000e+00
   0.00000000e+00 0.00000000e+00 0.00000000e+00 0.00000000e+00
   0.00000000e+00 0.00000000e+00 0.00000000e+00 0.00000000e+00]
  [1.61632633e+01 4.70486298e+01 4.53153419e+01 4.98427086e+01
   1.23419495e+01 0.00000000e+00 2.44793854e+01 1.99899654e+01
   0.00000000e+00 0.00000000e+00 0.00000000e+00 0.00000000e+00
   0.00000000e+00 0.00000000e+00 0.00000000e+00 0.00000000e+00]
  [6.72181845e+00 1.60464153e+01 0.00000000e+00 5.72782822e+01
   8.22921829e+01 7.93894053e+00 1.15155106e+01 4.01860924e+01
   3.91201324e+01 6.68026962e+01 7.56488495e+01 2.61959248e+01
   0.00000000e+00 0.00000000e+00 0.00000000e+00 1.14248257e+01]
  [0.00000000e+00 0.00000000e+00 0.00000000e+00 2.18964367e+01
   5.14177132e+01 0.00000000e+00 0.00000000e+00 3.51856804e+01
   8.67027435e+01 1.16315964e+02 1.02024460e+02 9.94984360e+01
   1.62383404e+01 7.52934341e+01 0.00000000e+00 1.55992289e+01]
  [0.00000000e+00 0.00000000e+00 0.00000000e+00 0.00000000e+00
   0.00000000e+00 0.00000000e+00 0.00000000e+00 0.00000000e+00
   0.00000000e+00 0.00000000e+00 0.00000000e+00 2.93117104e+01
   2.91445866e+01 6.92977524e+01 0.00000000e+00 0.00000000e+00]
  [0.00000000e+00 0.00000000e+00 0.00000000e+00 0.00000000e+00
   0.00000000e+00 0.00000000e+00 0.00000000e+00 0.00000000e+00
   0.00000000e+00 0.00000000e+00 0.00000000e+00 0.00000000e+00
   0.00000000e+00 0.00000000e+00 0.00000000e+00 0.00000000e+00]
  [0.00000000e+00 5.81996965e+00 0.00000000e+00 0.00000000e+00
   0.00000000e+00 0.00000000e+00 0.00000000e+00 0.00000000e+00
   0.00000000e+00 0.00000000e+00 1.31532764e+01 0.00000000e+00
   4.90075588e-01 0.00000000e+00 0.00000000e+00 0.00000000e+00]
  [0.00000000e+00 8.22898102e+00 0.00000000e+00 0.00000000e+00
   0.00000000e+00 0.00000000e+00 0.00000000e+00 0.00000000e+00
   0.00000000e+00 8.67991829e+00 3.10510693e+01 2.54982338e+01
   4.51901398e+01 2.80260801e-01 1.75377407e+01 1.02146149e+01]
  [9.08680153e+00 1.32747917e+01 0.00000000e+00 2.58134480e+01
   3.15619354e+01 6.18162308e+01 1.11522011e+02 9.33685837e+01
   5.66404762e+01 2.50396900e+01 1.20237322e+01 0.00000000e+00
   7.16891813e+00 0.00000000e+00 1.89698181e+01 2.54963379e+01]
  [2.03576488e+01 1.52881832e+01 1.68626881e+01 8.54283142e+00
   3.56516480e+00 4.16865120e+01 4.21477928e+01 2.56343040e+01
   3.08988762e+01 1.55279350e+00 0.00000000e+00 0.00000000e+00
   0.00000000e+00 0.00000000e+00 1.63088417e+00 1.08156121e+00]
  [0.00000000e+00 0.00000000e+00 0.00000000e+00 0.00000000e+00
   0.00000000e+00 0.00000000e+00 0.00000000e+00 0.00000000e+00
   0.00000000e+00 0.00000000e+00 0.00000000e+00 0.00000000e+00
   0.00000000e+00 0.00000000e+00 0.00000000e+00 0.00000000e+00]]

 [[0.00000000e+00 3.82089653e+01 3.72763786e+01 4.26724243e+01
   3.56105118e+01 4.08133278e+01 3.93145447e+01 4.82162933e+01
   5.78380089e+01 5.43097076e+01 4.21024780e+01 3.35893936e+01
   4.28171005e+01 4.27790451e+01 4.50205688e+01 5.30937614e+01]
  [0.00000000e+00 4.13499336e+01 0.00000000e+00 0.00000000e+00
   4.51193929e-01 0.00000000e+00 0.00000000e+00 0.00000000e+00
   0.00000000e+00 0.00000000e+00 0.00000000e+00 0.00000000e+00
   0.00000000e+00 0.00000000e+00 0.00000000e+00 1.95531216e+01]
  [0.00000000e+00 6.93157883e+01 0.00000000e+00 0.00000000e+00
   0.00000000e+00 0.00000000e+00 0.00000000e+00 5.26210427e-01
   7.16188049e+00 8.84754753e+00 3.48389482e+00 7.73548484e-01
   8.35236454e+00 0.00000000e+00 8.68604374e+00 3.97469444e+01]
  [3.72064476e+01 8.71422729e+01 0.00000000e+00 0.00000000e+00
   0.00000000e+00 0.00000000e+00 0.00000000e+00 0.00000000e+00
   0.00000000e+00 0.00000000e+00 0.00000000e+00 0.00000000e+00
   0.00000000e+00 0.00000000e+00 2.58225536e+00 3.55970726e+01]
  [3.38165283e+01 8.31919861e+01 0.00000000e+00 2.74343514e+00
   0.00000000e+00 0.00000000e+00 0.00000000e+00 0.00000000e+00
   0.00000000e+00 1.60433853e+00 0.00000000e+00 5.89875126e+00
   1.62629108e+01 9.57088947e+00 1.43616085e+01 4.65566292e+01]
  [5.71000252e+01 9.23311234e+01 1.09011698e+01 1.10937948e+01
   0.00000000e+00 8.81222820e+00 0.00000000e+00 0.00000000e+00
   1.05148106e+01 2.81751657e+00 1.46191111e+01 3.86104050e+01
   2.71639175e+01 4.25776434e+00 8.51646233e+00 6.41719589e+01]
  [4.42871284e+01 8.75813675e+01 7.87466621e+00 0.00000000e+00
   1.32866466e+00 4.58432159e+01 1.99660892e+01 2.68342800e+01
   6.36990280e+01 2.72890949e+01 5.61347365e-01 3.42499924e+01
   3.81991043e+01 1.93011799e+01 1.75729389e+01 7.43347778e+01]
  [1.24301872e+01 8.12453156e+01 3.32055397e+01 0.00000000e+00
   1.20064535e+01 4.46322403e+01 5.87633276e+00 2.38673744e+01
   6.81507339e+01 4.51454163e+01 2.95702419e+01 8.25986252e+01
   7.41140976e+01 2.97334099e+01 8.97843552e+00 7.39036407e+01]
  [0.00000000e+00 7.25806427e+01 3.31416016e+01 0.00000000e+00
   0.00000000e+00 2.60154018e+01 7.19397306e+00 2.25663261e+01
   4.30951500e+01 4.90897446e+01 5.23556175e+01 1.00475266e+02
   1.08279831e+02 5.12768707e+01 5.52877808e+00 7.87540359e+01]
  [0.00000000e+00 6.89885788e+01 0.00000000e+00 1.11723967e+01
   3.33955612e+01 2.77778339e+01 1.49847288e+01 1.13357935e+01
   0.00000000e+00 0.00000000e+00 3.75409164e+01 9.93161697e+01
   1.15430923e+02 1.00206833e+02 0.00000000e+00 8.95905762e+01]
  [0.00000000e+00 6.64853287e+01 0.00000000e+00 2.94480801e+01
   8.94398956e+01 1.91957550e+01 0.00000000e+00 0.00000000e+00
   0.00000000e+00 0.00000000e+00 6.86931000e+01 1.31689117e+02
   1.04581848e+02 1.73834717e+02 0.00000000e+00 1.10416969e+02]
  [0.00000000e+00 6.19364090e+01 0.00000000e+00 3.91171379e+01
   1.34914185e+02 2.12153397e+01 3.00179558e+01 4.98858490e+01
   0.00000000e+00 0.00000000e+00 9.59737167e+01 1.59323196e+02
   9.67530136e+01 2.44136200e+02 0.00000000e+00 1.29477203e+02]
  [0.00000000e+00 5.87981796e+01 0.00000000e+00 4.79365158e+01
   1.48382462e+02 1.73833847e+01 2.93047466e+01 5.91255035e+01
   0.00000000e+00 0.00000000e+00 5.21189232e+01 1.12252747e+02
   4.56807747e+01 2.51233154e+02 0.00000000e+00 1.10643387e+02]
  [2.13187861e+00 7.50303726e+01 1.85420628e+01 9.62396545e+01
   1.87886093e+02 7.70024567e+01 9.53685760e+01 9.67865372e+01
   0.00000000e+00 7.28437519e+00 4.96679344e+01 7.30683212e+01
   2.99737358e+01 1.97088364e+02 0.00000000e+00 8.19874115e+01]
  [1.11395702e+01 6.11226921e+01 0.00000000e+00 7.76732330e+01
   1.33660248e+02 4.79830513e+01 6.17606201e+01 3.65806427e+01
   0.00000000e+00 7.29568005e+00 1.96693401e+01 4.14504623e+01
   1.87784996e+01 1.14076607e+02 0.00000000e+00 1.85182323e+01]
  [0.00000000e+00 3.21786537e+01 0.00000000e+00 3.76296425e+01
   8.24538040e+01 4.04606018e+01 5.63446541e+01 3.12883568e+01
   0.00000000e+00 2.38346958e+01 1.91312561e+01 4.03400536e+01
   2.32882080e+01 5.60703430e+01 1.00225000e+01 1.17103386e+01]]

 [[0.00000000e+00 0.00000000e+00 0.00000000e+00 0.00000000e+00
   0.00000000e+00 0.00000000e+00 0.00000000e+00 0.00000000e+00
   0.00000000e+00 0.00000000e+00 0.00000000e+00 0.00000000e+00
   0.00000000e+00 0.00000000e+00 0.00000000e+00 0.00000000e+00]
  [5.40821266e+00 0.00000000e+00 0.00000000e+00 0.00000000e+00
   0.00000000e+00 0.00000000e+00 0.00000000e+00 0.00000000e+00
   0.00000000e+00 0.00000000e+00 0.00000000e+00 0.00000000e+00
   0.00000000e+00 0.00000000e+00 0.00000000e+00 0.00000000e+00]
  [3.46636581e+01 0.00000000e+00 0.00000000e+00 1.13615370e+01
   0.00000000e+00 0.00000000e+00 0.00000000e+00 0.00000000e+00
   0.00000000e+00 0.00000000e+00 0.00000000e+00 0.00000000e+00
   0.00000000e+00 0.00000000e+00 0.00000000e+00 0.00000000e+00]
  [2.84847374e+01 0.00000000e+00 0.00000000e+00 3.91271172e+01
   0.00000000e+00 0.00000000e+00 0.00000000e+00 0.00000000e+00
   0.00000000e+00 0.00000000e+00 0.00000000e+00 0.00000000e+00
   0.00000000e+00 0.00000000e+00 0.00000000e+00 0.00000000e+00]
  [2.64797192e+01 0.00000000e+00 0.00000000e+00 1.35122528e+01
   0.00000000e+00 0.00000000e+00 0.00000000e+00 0.00000000e+00
   0.00000000e+00 0.00000000e+00 0.00000000e+00 0.00000000e+00
   0.00000000e+00 0.00000000e+00 5.07573748e+00 0.00000000e+00]
  [0.00000000e+00 0.00000000e+00 0.00000000e+00 0.00000000e+00
   0.00000000e+00 0.00000000e+00 0.00000000e+00 0.00000000e+00
   0.00000000e+00 0.00000000e+00 0.00000000e+00 0.00000000e+00
   0.00000000e+00 0.00000000e+00 2.04575748e+01 0.00000000e+00]
  [0.00000000e+00 1.10679045e+01 2.89024868e+01 0.00000000e+00
   0.00000000e+00 0.00000000e+00 0.00000000e+00 0.00000000e+00
   0.00000000e+00 0.00000000e+00 0.00000000e+00 0.00000000e+00
   0.00000000e+00 0.00000000e+00 4.27387505e+01 0.00000000e+00]
  [7.42616224e+00 1.35064499e+02 6.99069290e+01 0.00000000e+00
   0.00000000e+00 0.00000000e+00 9.72444788e-02 0.00000000e+00
   0.00000000e+00 0.00000000e+00 0.00000000e+00 0.00000000e+00
   0.00000000e+00 0.00000000e+00 1.26548683e+02 0.00000000e+00]
  [5.90586357e+01 1.64348267e+02 6.77459049e+00 0.00000000e+00
   0.00000000e+00 9.01824760e+00 7.21214371e+01 4.95250473e+01
   0.00000000e+00 0.00000000e+00 0.00000000e+00 0.00000000e+00
   0.00000000e+00 0.00000000e+00 1.91800980e+02 0.00000000e+00]
  [8.70025482e+01 9.60312271e+01 0.00000000e+00 0.00000000e+00
   0.00000000e+00 0.00000000e+00 1.23380051e+02 8.89836960e+01
   0.00000000e+00 0.00000000e+00 0.00000000e+00 5.18421555e+01
   2.95777836e+01 6.07222328e+01 1.51047333e+02 8.74897194e+00]
  [7.38964844e+01 0.00000000e+00 0.00000000e+00 0.00000000e+00
   0.00000000e+00 0.00000000e+00 1.30955276e+02 1.36253860e+02
   0.00000000e+00 0.00000000e+00 0.00000000e+00 0.00000000e+00
   1.20911417e+01 1.08562981e+02 1.31908407e+01 5.68229437e+00]
  [5.26318703e+01 0.00000000e+00 0.00000000e+00 0.00000000e+00
   0.00000000e+00 0.00000000e+00 1.04034210e+02 1.09112938e+02
   0.00000000e+00 0.00000000e+00 0.00000000e+00 0.00000000e+00
   0.00000000e+00 1.34916000e+02 0.00000000e+00 3.20885201e+01]
  [4.96940842e+01 0.00000000e+00 0.00000000e+00 0.00000000e+00
   0.00000000e+00 0.00000000e+00 9.06781769e+01 9.45297394e+01
   0.00000000e+00 0.00000000e+00 0.00000000e+00 0.00000000e+00
   1.06953073e+00 1.52607132e+02 0.00000000e+00 4.49190598e+01]
  [5.29811783e+01 0.00000000e+00 0.00000000e+00 0.00000000e+00
   0.00000000e+00 0.00000000e+00 9.24829865e+01 7.81020432e+01
   0.00000000e+00 0.00000000e+00 0.00000000e+00 0.00000000e+00
   4.55664558e+01 1.44964355e+02 0.00000000e+00 1.77614956e+01]
  [2.53180828e+01 0.00000000e+00 0.00000000e+00 0.00000000e+00
   0.00000000e+00 0.00000000e+00 9.64729691e+01 7.36283112e+01
   0.00000000e+00 0.00000000e+00 0.00000000e+00 0.00000000e+00
   0.00000000e+00 4.48392715e+01 0.00000000e+00 0.00000000e+00]
  [4.22392845e+01 0.00000000e+00 0.00000000e+00 0.00000000e+00
   0.00000000e+00 0.00000000e+00 9.12579346e+01 4.59133186e+01
   0.00000000e+00 0.00000000e+00 0.00000000e+00 0.00000000e+00
   0.00000000e+00 8.02358818e+00 0.00000000e+00 0.00000000e+00]]

 [[5.37964897e+01 0.00000000e+00 2.48612614e+01 5.45426178e+01
   6.12499275e+01 5.63576889e+01 8.50578461e+01 8.47674942e+01
   8.09499435e+01 7.93302460e+01 8.26787491e+01 8.40042572e+01
   7.36720886e+01 8.18444748e+01 8.36792145e+01 5.86661301e+01]
  [5.48058090e+01 0.00000000e+00 0.00000000e+00 0.00000000e+00
   0.00000000e+00 0.00000000e+00 0.00000000e+00 0.00000000e+00
   0.00000000e+00 0.00000000e+00 0.00000000e+00 0.00000000e+00
   0.00000000e+00 0.00000000e+00 0.00000000e+00 0.00000000e+00]
  [4.23204193e+01 0.00000000e+00 0.00000000e+00 0.00000000e+00
   0.00000000e+00 0.00000000e+00 0.00000000e+00 0.00000000e+00
   0.00000000e+00 0.00000000e+00 0.00000000e+00 0.00000000e+00
   0.00000000e+00 0.00000000e+00 0.00000000e+00 0.00000000e+00]
  [2.00155678e+01 0.00000000e+00 0.00000000e+00 0.00000000e+00
   0.00000000e+00 0.00000000e+00 0.00000000e+00 0.00000000e+00
   0.00000000e+00 0.00000000e+00 0.00000000e+00 0.00000000e+00
   0.00000000e+00 0.00000000e+00 0.00000000e+00 0.00000000e+00]
  [9.65349960e+00 0.00000000e+00 0.00000000e+00 0.00000000e+00
   0.00000000e+00 0.00000000e+00 0.00000000e+00 0.00000000e+00
   0.00000000e+00 0.00000000e+00 0.00000000e+00 0.00000000e+00
   0.00000000e+00 0.00000000e+00 0.00000000e+00 0.00000000e+00]
  [7.27810364e+01 0.00000000e+00 0.00000000e+00 0.00000000e+00
   0.00000000e+00 0.00000000e+00 0.00000000e+00 0.00000000e+00
   0.00000000e+00 0.00000000e+00 0.00000000e+00 0.00000000e+00
   0.00000000e+00 0.00000000e+00 0.00000000e+00 0.00000000e+00]
  [1.71568146e+02 0.00000000e+00 0.00000000e+00 0.00000000e+00
   0.00000000e+00 0.00000000e+00 0.00000000e+00 0.00000000e+00
   0.00000000e+00 0.00000000e+00 2.42444191e+01 4.70971603e+01
   4.96316338e+01 3.53172531e+01 0.00000000e+00 0.00000000e+00]
  [1.49918457e+02 0.00000000e+00 0.00000000e+00 0.00000000e+00
   0.00000000e+00 0.00000000e+00 2.62631779e+01 1.38821964e+01
   0.00000000e+00 5.77207489e+01 1.20282394e+02 1.11587715e+02
   6.02158890e+01 1.07659149e+01 0.00000000e+00 0.00000000e+00]
  [2.31684151e+01 0.00000000e+00 0.00000000e+00 0.00000000e+00
   0.00000000e+00 0.00000000e+00 3.46880188e+01 0.00000000e+00
   3.80535774e+01 1.20310440e+02 1.22658165e+02 3.89423103e+01
   0.00000000e+00 0.00000000e+00 0.00000000e+00 0.00000000e+00]
  [0.00000000e+00 0.00000000e+00 0.00000000e+00 0.00000000e+00
   1.15216672e+00 1.19854364e+01 0.00000000e+00 0.00000000e+00
   0.00000000e+00 2.31396561e+01 0.00000000e+00 0.00000000e+00
   0.00000000e+00 0.00000000e+00 0.00000000e+00 0.00000000e+00]
  [0.00000000e+00 0.00000000e+00 0.00000000e+00 0.00000000e+00
   8.37027740e+00 5.53103333e+01 0.00000000e+00 0.00000000e+00
   0.00000000e+00 0.00000000e+00 0.00000000e+00 0.00000000e+00
   0.00000000e+00 0.00000000e+00 0.00000000e+00 0.00000000e+00]
  [0.00000000e+00 0.00000000e+00 0.00000000e+00 0.00000000e+00
   3.68106880e+01 7.15978546e+01 0.00000000e+00 0.00000000e+00
   0.00000000e+00 0.00000000e+00 0.00000000e+00 2.73664551e+01
   0.00000000e+00 0.00000000e+00 0.00000000e+00 0.00000000e+00]
  [0.00000000e+00 0.00000000e+00 0.00000000e+00 0.00000000e+00
   5.88153763e+01 5.58953972e+01 0.00000000e+00 0.00000000e+00
   0.00000000e+00 0.00000000e+00 6.19892883e+00 1.26242966e+02
   0.00000000e+00 0.00000000e+00 0.00000000e+00 0.00000000e+00]
  [0.00000000e+00 0.00000000e+00 0.00000000e+00 0.00000000e+00
   4.24272842e+01 1.45048342e+01 0.00000000e+00 0.00000000e+00
   0.00000000e+00 0.00000000e+00 0.00000000e+00 7.13114319e+01
   0.00000000e+00 0.00000000e+00 0.00000000e+00 0.00000000e+00]
  [0.00000000e+00 0.00000000e+00 0.00000000e+00 0.00000000e+00
   6.45059156e+00 0.00000000e+00 0.00000000e+00 0.00000000e+00
   0.00000000e+00 0.00000000e+00 0.00000000e+00 1.24417753e+01
   0.00000000e+00 0.00000000e+00 0.00000000e+00 0.00000000e+00]
  [0.00000000e+00 0.00000000e+00 0.00000000e+00 0.00000000e+00
   0.00000000e+00 0.00000000e+00 0.00000000e+00 0.00000000e+00
   0.00000000e+00 0.00000000e+00 0.00000000e+00 0.00000000e+00
   0.00000000e+00 0.00000000e+00 0.00000000e+00 0.00000000e+00]]

 [[2.12663689e+01 1.43562424e+00 7.56351700e+01 5.88016510e+01
   4.32924461e+01 5.09472122e+01 6.70067291e+01 7.63309479e+01
   7.57728271e+01 8.74624405e+01 6.95297852e+01 5.24063950e+01
   5.89224548e+01 6.64328842e+01 5.56120491e+01 4.97265472e+01]
  [1.30110483e+01 0.00000000e+00 8.29359207e+01 5.10817833e+01
   4.73940430e+01 3.37847290e+01 3.02830391e+01 4.21873817e+01
   5.76409988e+01 7.36945114e+01 7.73306503e+01 5.60655823e+01
   3.14584103e+01 3.41552658e+01 1.91674461e+01 4.19133797e+01]
  [0.00000000e+00 0.00000000e+00 2.88486233e+01 1.60842533e+01
   1.51346769e+01 2.62379885e+00 7.02783966e+00 1.55238447e+01
   4.45434570e+01 6.33076553e+01 6.92055054e+01 7.44844360e+01
   6.12702713e+01 4.56279640e+01 1.10590277e+01 4.28449478e+01]
  [0.00000000e+00 0.00000000e+00 4.80256701e+00 5.60632992e+00
   1.16304893e+01 1.16752501e+01 2.83706236e+00 1.85743542e+01
   4.17151222e+01 5.23655815e+01 4.76263542e+01 5.28614845e+01
   4.62670631e+01 2.60318089e+01 0.00000000e+00 1.74106522e+01]
  [0.00000000e+00 0.00000000e+00 0.00000000e+00 5.01461267e+00
   4.93124437e+00 3.18960743e+01 1.40552711e+01 1.69381599e+01
   3.87800865e+01 4.27954216e+01 4.33059082e+01 4.66706963e+01
   3.49868698e+01 5.44652605e+00 0.00000000e+00 0.00000000e+00]
  [0.00000000e+00 0.00000000e+00 0.00000000e+00 1.74111347e+01
   5.41073143e-01 5.04248381e+00 1.18842907e+01 2.00285301e+01
   2.83673191e+01 5.51273804e+01 6.71157455e+01 6.34888687e+01
   3.07470455e+01 4.03359127e+00 0.00000000e+00 0.00000000e+00]
  [0.00000000e+00 0.00000000e+00 0.00000000e+00 3.41185684e+01
   0.00000000e+00 0.00000000e+00 1.10998020e+01 3.47118149e+01
   7.02354660e+01 1.15844414e+02 1.10961044e+02 7.03474808e+01
   8.08675289e+00 0.00000000e+00 0.00000000e+00 0.00000000e+00]
  [0.00000000e+00 0.00000000e+00 0.00000000e+00 0.00000000e+00
   0.00000000e+00 0.00000000e+00 0.00000000e+00 4.07241211e+01
   1.00713394e+02 1.02642944e+02 7.63622131e+01 3.30874481e+01
   0.00000000e+00 0.00000000e+00 0.00000000e+00 0.00000000e+00]
  [0.00000000e+00 0.00000000e+00 0.00000000e+00 0.00000000e+00
   0.00000000e+00 0.00000000e+00 0.00000000e+00 8.12624836e+00
   8.43595428e+01 5.29681396e+01 1.75040970e+01 0.00000000e+00
   0.00000000e+00 0.00000000e+00 0.00000000e+00 0.00000000e+00]
  [0.00000000e+00 0.00000000e+00 0.00000000e+00 0.00000000e+00
   0.00000000e+00 0.00000000e+00 0.00000000e+00 0.00000000e+00
   7.60111237e+01 4.91416779e+01 0.00000000e+00 0.00000000e+00
   0.00000000e+00 0.00000000e+00 0.00000000e+00 0.00000000e+00]
  [0.00000000e+00 0.00000000e+00 0.00000000e+00 9.77253819e+00
   4.96080017e+01 0.00000000e+00 0.00000000e+00 0.00000000e+00
   6.08477249e+01 7.60268250e+01 5.22950029e+00 0.00000000e+00
   0.00000000e+00 0.00000000e+00 0.00000000e+00 0.00000000e+00]
  [4.18463707e+01 0.00000000e+00 6.32150116e+01 4.14191780e+01
   7.40737381e+01 0.00000000e+00 0.00000000e+00 0.00000000e+00
   0.00000000e+00 4.69932404e+01 5.54885025e+01 0.00000000e+00
   0.00000000e+00 0.00000000e+00 0.00000000e+00 0.00000000e+00]
  [4.88391953e+01 0.00000000e+00 6.44097443e+01 1.67751179e+01
   2.21231232e+01 0.00000000e+00 0.00000000e+00 0.00000000e+00
   0.00000000e+00 2.13553596e+00 5.91644135e+01 0.00000000e+00
   0.00000000e+00 0.00000000e+00 0.00000000e+00 0.00000000e+00]
  [6.30091362e+01 0.00000000e+00 9.63927307e+01 4.05559196e+01
   1.26568022e+01 0.00000000e+00 0.00000000e+00 0.00000000e+00
   0.00000000e+00 0.00000000e+00 3.76961784e+01 2.54234505e+00
   0.00000000e+00 0.00000000e+00 0.00000000e+00 0.00000000e+00]
  [7.08394547e+01 3.54026020e-01 9.48032990e+01 3.97254982e+01
   0.00000000e+00 0.00000000e+00 0.00000000e+00 0.00000000e+00
   0.00000000e+00 0.00000000e+00 3.02776313e+00 4.44230270e+00
   0.00000000e+00 0.00000000e+00 0.00000000e+00 0.00000000e+00]
  [5.09346046e+01 0.00000000e+00 2.61699638e+01 1.85023892e+00
   0.00000000e+00 0.00000000e+00 0.00000000e+00 0.00000000e+00
   0.00000000e+00 0.00000000e+00 0.00000000e+00 0.00000000e+00
   0.00000000e+00 0.00000000e+00 0.00000000e+00 0.00000000e+00]]

 [[0.00000000e+00 0.00000000e+00 0.00000000e+00 0.00000000e+00
   0.00000000e+00 0.00000000e+00 0.00000000e+00 4.97579157e-01
   1.18573642e+00 1.68187535e+00 1.74189150e+00 6.69418812e-01
   5.97211868e-02 1.03587472e+00 1.43206489e+00 2.37158608e+00]
  [0.00000000e+00 0.00000000e+00 0.00000000e+00 0.00000000e+00
   0.00000000e+00 0.00000000e+00 0.00000000e+00 0.00000000e+00
   2.59126097e-01 1.03017759e+00 1.48662496e+00 2.85589409e+00
   1.51110876e+00 8.48787665e-01 1.06454599e+00 2.00519061e+00]
  [0.00000000e+00 0.00000000e+00 0.00000000e+00 0.00000000e+00
   0.00000000e+00 0.00000000e+00 0.00000000e+00 0.00000000e+00
   1.40037882e+00 1.93157566e+00 1.51483214e+00 2.55364680e+00
   1.19934857e+00 1.31739104e+00 1.85032392e+00 2.30058813e+00]
  [0.00000000e+00 0.00000000e+00 0.00000000e+00 0.00000000e+00
   0.00000000e+00 0.00000000e+00 0.00000000e+00 1.48884141e+00
   1.87560689e+00 2.00128889e+00 1.10402644e+00 3.36020738e-01
   5.56612194e-01 1.39422452e+00 3.50718403e+00 2.45633650e+00]
  [0.00000000e+00 0.00000000e+00 0.00000000e+00 0.00000000e+00
   0.00000000e+00 0.00000000e+00 0.00000000e+00 2.02803826e+00
   3.27284408e+00 3.21664524e+00 2.84174442e+00 9.53157783e-01
   5.04288852e-01 1.40035546e+00 3.42421317e+00 1.23500955e+00]
  [0.00000000e+00 0.00000000e+00 0.00000000e+00 0.00000000e+00
   0.00000000e+00 0.00000000e+00 0.00000000e+00 8.41624141e-01
   2.77483821e+00 3.68877840e+00 2.55822849e+00 0.00000000e+00
   0.00000000e+00 0.00000000e+00 0.00000000e+00 0.00000000e+00]
  [0.00000000e+00 0.00000000e+00 0.00000000e+00 0.00000000e+00
   0.00000000e+00 0.00000000e+00 0.00000000e+00 0.00000000e+00
   1.07372537e-01 0.00000000e+00 0.00000000e+00 0.00000000e+00
   0.00000000e+00 0.00000000e+00 0.00000000e+00 0.00000000e+00]
  [0.00000000e+00 0.00000000e+00 0.00000000e+00 0.00000000e+00
   0.00000000e+00 0.00000000e+00 0.00000000e+00 0.00000000e+00
   0.00000000e+00 0.00000000e+00 0.00000000e+00 0.00000000e+00
   0.00000000e+00 0.00000000e+00 0.00000000e+00 0.00000000e+00]
  [0.00000000e+00 0.00000000e+00 0.00000000e+00 0.00000000e+00
   0.00000000e+00 0.00000000e+00 0.00000000e+00 0.00000000e+00
   0.00000000e+00 0.00000000e+00 0.00000000e+00 0.00000000e+00
   0.00000000e+00 0.00000000e+00 0.00000000e+00 0.00000000e+00]
  [0.00000000e+00 0.00000000e+00 7.64517412e-02 0.00000000e+00
   0.00000000e+00 0.00000000e+00 0.00000000e+00 0.00000000e+00
   0.00000000e+00 0.00000000e+00 0.00000000e+00 0.00000000e+00
   0.00000000e+00 0.00000000e+00 0.00000000e+00 0.00000000e+00]
  [0.00000000e+00 0.00000000e+00 1.48484957e+00 0.00000000e+00
   0.00000000e+00 0.00000000e+00 0.00000000e+00 0.00000000e+00
   0.00000000e+00 0.00000000e+00 0.00000000e+00 0.00000000e+00
   0.00000000e+00 0.00000000e+00 0.00000000e+00 0.00000000e+00]
  [0.00000000e+00 0.00000000e+00 2.41674423e+00 1.81135964e+00
   0.00000000e+00 0.00000000e+00 0.00000000e+00 0.00000000e+00
   0.00000000e+00 0.00000000e+00 0.00000000e+00 0.00000000e+00
   0.00000000e+00 0.00000000e+00 0.00000000e+00 0.00000000e+00]
  [0.00000000e+00 0.00000000e+00 2.23648190e+00 1.95625663e+00
   0.00000000e+00 0.00000000e+00 0.00000000e+00 0.00000000e+00
   0.00000000e+00 0.00000000e+00 0.00000000e+00 0.00000000e+00
   2.10553837e+00 0.00000000e+00 0.00000000e+00 0.00000000e+00]
  [0.00000000e+00 0.00000000e+00 3.36341929e+00 2.39838028e+00
   0.00000000e+00 0.00000000e+00 0.00000000e+00 0.00000000e+00
   2.00824425e-01 2.28278279e+00 0.00000000e+00 3.14028203e-01
   1.90899229e+00 0.00000000e+00 0.00000000e+00 8.05790484e-01]
  [0.00000000e+00 0.00000000e+00 0.00000000e+00 1.20628726e+00
   0.00000000e+00 0.00000000e+00 0.00000000e+00 0.00000000e+00
   0.00000000e+00 0.00000000e+00 0.00000000e+00 0.00000000e+00
   0.00000000e+00 0.00000000e+00 0.00000000e+00 0.00000000e+00]
  [0.00000000e+00 0.00000000e+00 0.00000000e+00 5.11080503e-01
   0.00000000e+00 0.00000000e+00 0.00000000e+00 0.00000000e+00
   0.00000000e+00 0.00000000e+00 0.00000000e+00 0.00000000e+00
   0.00000000e+00 0.00000000e+00 0.00000000e+00 0.00000000e+00]]], 
