 
[[[6.56327295e+00 1.22320738e+01 1.64828663e+01 1.30205240e+01
   8.22375488e+00 1.45725906e+00 0.00000000e+00 0.00000000e+00]
  [2.58326817e+00 1.58303719e+01 2.12042370e+01 2.17801418e+01
   9.15229988e+00 0.00000000e+00 0.00000000e+00 0.00000000e+00]
  [1.04310951e+01 2.84172592e+01 8.94780445e+00 9.63059807e+00
   8.19818020e+00 2.36625075e+00 0.00000000e+00 0.00000000e+00]
  [4.01145134e+01 3.72884331e+01 3.33967495e+00 2.24495487e+01
   1.27533684e+01 3.41375184e+00 0.00000000e+00 0.00000000e+00]
  [4.56749687e+01 6.04245996e+00 0.00000000e+00 0.00000000e+00
   3.26077995e+01 2.21774368e+01 0.00000000e+00 0.00000000e+00]
  [3.50805206e+01 1.15712366e+01 0.00000000e+00 0.00000000e+00
   2.44735527e+01 1.27061377e+01 0.00000000e+00 0.00000000e+00]
  [3.44775314e+01 9.22595692e+00 0.00000000e+00 0.00000000e+00
   0.00000000e+00 3.43904829e+00 3.43904829e+00 0.00000000e+00]
  [3.36987801e+01 6.79627371e+00 1.87679672e+00 1.87679672e+00
   3.47191787e+00 7.57959700e+00 5.89780283e+00 0.00000000e+00]]

 [[0.00000000e+00 2.11395645e+00 4.06970859e-01 0.00000000e+00
   0.00000000e+00 0.00000000e+00 1.25197601e+00 9.72051907e+00]
  [0.00000000e+00 4.26028872e+00 1.34248960e+00 4.39064455e+00
   3.76637268e+00 0.00000000e+00 0.00000000e+00 1.25984216e+00]
  [0.00000000e+00 0.00000000e+00 0.00000000e+00 0.00000000e+00
   4.99950075e+00 1.98543334e+00 0.00000000e+00 4.31992769e+00]
  [0.00000000e+00 0.00000000e+00 0.00000000e+00 0.00000000e+00
   6.12403631e+00 1.98543334e+00 0.00000000e+00 3.27107978e+00]
  [1.20040407e+01 1.05306683e+01 0.00000000e+00 6.13177395e+00
   1.45353003e+01 1.89262068e+00 0.00000000e+00 6.83484650e+00]
  [1.01825914e+01 8.65095711e+00 0.00000000e+00 9.89323235e+00
   3.76067543e+01 1.12868652e+01 0.00000000e+00 2.66634846e+00]
  [0.00000000e+00 0.00000000e+00 0.00000000e+00 6.09919615e-02
   5.33841372e+00 2.64750910e+00 0.00000000e+00 0.00000000e+00]
  [7.21641350e+00 1.04004011e+01 1.49991405e+00 1.97008839e+01
   3.00345306e+01 1.50887575e+01 8.79063797e+00 1.63149204e+01]]

 [[9.96419239e+00 8.26289845e+00 0.00000000e+00 5.76221180e+00
   7.02953291e+00 3.38945054e-02 2.91560769e+00 1.93645039e+01]
  [6.75538731e+00 6.75538731e+00 0.00000000e+00 0.00000000e+00
   0.00000000e+00 0.00000000e+00 0.00000000e+00 2.87275887e+00]
  [3.87909472e-01 7.26536214e-01 0.00000000e+00 0.00000000e+00
   0.00000000e+00 0.00000000e+00 0.00000000e+00 0.00000000e+00]
  [4.78663301e+00 4.78663301e+00 0.00000000e+00 0.00000000e+00
   0.00000000e+00 0.00000000e+00 0.00000000e+00 1.09194651e+01]
  [1.01483593e+01 1.06763802e+01 0.00000000e+00 0.00000000e+00
   4.88713408e+00 2.31928515e+00 0.00000000e+00 3.65159950e+01]
  [0.00000000e+00 0.00000000e+00 0.00000000e+00 6.66548550e-01
   1.99856987e+01 1.65934315e+01 0.00000000e+00 2.03441658e+01]
  [0.00000000e+00 1.84688628e+00 1.61940289e+00 2.64870286e+00
   1.03705254e+01 1.02925892e+01 0.00000000e+00 1.28609073e+00]
  [0.00000000e+00 0.00000000e+00 0.00000000e+00 0.00000000e+00
   0.00000000e+00 0.00000000e+00 0.00000000e+00 0.00000000e+00]]

 [[2.63839092e+01 1.81141338e+01 3.70801125e+01 2.98382797e+01
   1.16467190e+01 2.73789525e-01 2.25195484e+01 1.64778290e+01]
  [2.09241695e+01 0.00000000e+00 3.41857815e+00 1.97779465e+01
   2.94647446e+01 1.13399897e+01 4.36481285e+01 7.79264374e+01]
  [1.78658066e+01 0.00000000e+00 5.98793650e+00 8.40597630e+00
   9.92329407e+00 1.82985077e+01 3.02234707e+01 9.27249069e+01]
  [3.05856094e+01 2.00432205e+01 1.14554548e+01 3.11705055e+01
   3.02236652e+00 1.33935242e+01 1.56204176e+01 6.24896507e+01]
  [4.31926384e+01 2.93198109e+01 1.41573601e+01 6.11180000e+01
   5.30059576e+00 1.28652840e+01 1.07797909e+01 1.16269417e+01]
  [4.90005455e+01 1.73210678e+01 5.85288382e+00 4.86665344e+01
   2.63588657e+01 0.00000000e+00 3.19541321e+01 4.01767111e+00]
  [6.01399002e+01 2.55703659e+01 1.40579872e+01 6.19355345e+00
   3.34995766e+01 1.01502838e+01 2.22282372e+01 1.96416569e+01]
  [5.76467705e+01 4.22196617e+01 3.56151009e+01 3.85938096e+00
   1.65970135e+01 2.80867443e+01 2.59368362e+01 5.01631546e+01]]

 [[1.09945641e+01 7.26226711e+00 5.91259527e+00 7.16262627e+00
   1.36144972e+00 0.00000000e+00 1.68148661e+00 6.28634024e+00]
  [3.30342979e+01 1.93339252e+01 7.26558161e+00 2.60399532e+00
   6.08240306e-01 4.74554330e-01 0.00000000e+00 1.72195718e-01]
  [4.60223007e+01 3.70190582e+01 8.74589539e+00 6.08303595e+00
   6.08240306e-01 0.00000000e+00 0.00000000e+00 1.72195718e-01]
  [1.45883856e+01 3.55982895e+01 2.11095200e+01 2.85755005e+01
   5.40683174e+01 3.55117798e+01 1.01701975e+01 4.50400925e+00]
  [0.00000000e+00 8.14601612e+00 5.71307945e+00 1.35431585e+01
   3.38936844e+01 3.06908360e+01 2.11082363e+01 2.59987140e+00]
  [1.56099451e+00 0.00000000e+00 0.00000000e+00 0.00000000e+00
   5.87602901e+00 1.28203106e+01 7.05535698e+00 4.62539244e+00]
  [9.23323250e+00 9.59400654e+00 3.24777374e+01 4.00235596e+01
   1.84318390e+01 1.34368992e+01 1.00864172e+01 1.24884920e+01]
  [8.75142002e+00 4.82844734e+00 1.45665789e+01 1.64468288e+01
   5.40861130e+00 0.00000000e+00 2.71814018e-01 6.78111315e-01]]

 [[2.06834507e+01 1.28900566e+01 1.29099541e+01 1.70063267e+01
   1.93048363e+01 1.45687542e+01 1.64061260e+01 2.76834087e+01]
  [3.45192261e+01 3.04826140e-01 0.00000000e+00 8.54232311e-01
   2.34418440e+00 3.86349654e+00 6.64623022e+00 2.45884266e+01]
  [4.63426666e+01 3.77130342e+00 8.43891048e+00 1.34460230e+01
   1.34561386e+01 1.95072803e+01 1.72451992e+01 3.75857277e+01]
  [4.13718262e+01 9.72854805e+00 1.80958176e+01 3.12499180e+01
   4.21062622e+01 5.78226852e+01 3.92205162e+01 4.31787682e+01]
  [2.67995701e+01 2.18441696e+01 2.42225723e+01 1.10195522e+01
   2.78638363e+01 9.09292068e+01 7.32377625e+01 4.73817253e+01]
  [2.08022118e+01 5.43598099e+01 5.44281921e+01 1.87037849e+01
   2.40873032e+01 9.63407135e+01 1.01802193e+02 5.84229240e+01]
  [2.51960850e+01 7.89244766e+01 8.87479553e+01 4.21029587e+01
   1.51151381e+01 4.91845245e+01 7.29812317e+01 3.51915054e+01]
  [1.74068203e+01 5.52361565e+01 7.04438324e+01 3.09957123e+01
   1.16551619e+01 2.71096363e+01 3.70393600e+01 1.00627680e+01]]

 [[4.45242977e+00 1.26239300e+00 0.00000000e+00 0.00000000e+00
   0.00000000e+00 0.00000000e+00 0.00000000e+00 0.00000000e+00]
  [9.95867920e+00 7.11121178e+00 0.00000000e+00 0.00000000e+00
   0.00000000e+00 0.00000000e+00 5.63970804e-01 8.45956266e-01]
  [7.38334560e+00 4.71274900e+00 0.00000000e+00 0.00000000e+00
   0.00000000e+00 0.00000000e+00 7.58578491e+00 1.13786774e+01]
  [5.36166077e+01 1.17315559e+01 9.02632523e+00 1.35270805e+01
   0.00000000e+00 0.00000000e+00 4.01209335e+01 6.01814003e+01]
  [5.41235275e+01 7.52732277e-01 3.72750053e+01 6.68021545e+01
   0.00000000e+00 1.03901196e+01 6.29992599e+01 6.17450676e+01]
  [1.95802708e+01 0.00000000e+00 3.61852951e+01 7.39515762e+01
   0.00000000e+00 1.46229696e+00 4.69375153e+01 1.59801188e+01]
  [1.42214832e+01 0.00000000e+00 3.10704575e+01 5.84326935e+01
   0.00000000e+00 5.18177605e+00 4.32274132e+01 1.04467592e+01]
  [1.12595606e+01 0.00000000e+00 3.12884827e+01 5.12120934e+01
   0.00000000e+00 0.00000000e+00 8.81047726e+00 0.00000000e+00]]

 [[1.95315533e+01 1.56282005e+01 2.25183849e+01 2.78639221e+01
   2.69954357e+01 2.67061234e+01 2.65773087e+01 2.37242222e+01]
  [7.99883175e+00 0.00000000e+00 0.00000000e+00 0.00000000e+00
   0.00000000e+00 0.00000000e+00 0.00000000e+00 0.00000000e+00]
  [2.82225208e+01 0.00000000e+00 0.00000000e+00 0.00000000e+00
   2.69382429e+00 1.34414692e+01 9.43876457e+00 0.00000000e+00]
  [3.82950020e+01 0.00000000e+00 6.77235508e+00 1.25429955e+01
   5.36966400e+01 6.38510742e+01 1.73256302e+01 0.00000000e+00]
  [2.57426834e+00 1.05804932e+00 1.23895817e+01 8.08239937e+00
   3.37957611e+01 1.79556084e+01 0.00000000e+00 0.00000000e+00]
  [0.00000000e+00 1.15551491e+01 3.18666592e+01 0.00000000e+00
   6.88769877e-01 1.77564831e+01 0.00000000e+00 0.00000000e+00]
  [0.00000000e+00 1.19659166e+01 1.97881660e+01 0.00000000e+00
   6.88769877e-01 2.40216770e+01 0.00000000e+00 0.00000000e+00]
  [0.00000000e+00 1.07509863e+00 1.07509863e+00 0.00000000e+00
   0.00000000e+00 2.07362914e+00 0.00000000e+00 0.00000000e+00]]

 [[2.47925282e+01 4.65787315e+01 3.30549469e+01 4.62574501e+01
   6.87208710e+01 6.11859474e+01 4.26339722e+01 3.67205658e+01]
  [3.73902130e+00 1.02280893e+01 1.13124123e+01 2.22216873e+01
   4.92938957e+01 5.29642868e+01 2.56321716e+01 1.18857718e+01]
  [0.00000000e+00 6.89073706e+00 8.82780457e+00 2.73445301e+01
   6.36147537e+01 5.28567123e+01 9.25564289e+00 0.00000000e+00]
  [0.00000000e+00 3.79095197e+00 1.23331130e+00 3.88856010e+01
   8.12879257e+01 3.51498947e+01 8.98528099e-01 0.00000000e+00]
  [0.00000000e+00 6.59783745e+00 5.51200008e+00 2.54827366e+01
   4.68987350e+01 2.52595520e+00 0.00000000e+00 0.00000000e+00]
  [2.42567024e+01 3.79329414e+01 1.62005405e+01 6.76085854e+00
   3.39873047e+01 1.33202686e+01 0.00000000e+00 0.00000000e+00]
  [4.87386208e+01 4.30491371e+01 3.86443615e+00 0.00000000e+00
   1.13359871e+01 1.18747778e+01 0.00000000e+00 0.00000000e+00]
  [4.05168915e+01 2.70914993e+01 0.00000000e+00 0.00000000e+00
   5.04627168e-01 1.24501097e+00 0.00000000e+00 0.00000000e+00]]

 [[0.00000000e+00 0.00000000e+00 0.00000000e+00 3.71424496e-01
   1.35913551e+00 1.51027632e+00 1.14657414e+00 1.83738327e+00]
  [0.00000000e+00 0.00000000e+00 0.00000000e+00 1.11841226e+00
   2.12877154e+00 1.28485310e+00 1.68377137e+00 2.46227598e+00]
  [0.00000000e+00 0.00000000e+00 0.00000000e+00 1.00274634e+00
   2.05116153e+00 7.61935472e-01 5.92095256e-01 7.76537120e-01]
  [0.00000000e+00 0.00000000e+00 0.00000000e+00 1.19302822e-02
   1.19302822e-02 0.00000000e+00 0.00000000e+00 0.00000000e+00]
  [1.73477933e-01 1.73477933e-01 0.00000000e+00 0.00000000e+00
   0.00000000e+00 0.00000000e+00 0.00000000e+00 0.00000000e+00]
  [6.82008445e-01 1.10063243e+00 0.00000000e+00 0.00000000e+00
   0.00000000e+00 2.33948708e-01 2.33948708e-01 0.00000000e+00]
  [6.22211218e-01 1.24009180e+00 0.00000000e+00 2.23138258e-02
   2.75956362e-01 4.80950981e-01 4.46058959e-01 1.34298414e-01]
  [0.00000000e+00 2.86227971e-01 0.00000000e+00 0.00000000e+00
   0.00000000e+00 0.00000000e+00 0.00000000e+00 0.00000000e+00]]], 
