-54.036240	26.623184	0.909073	-22.605759	-54.322449	76.914871	-19.259232	3.340515	-4.686417	-31.271561	-38.088104	15.040955	46.955261	-9.973450	-30.868805	29.407074	2.412766	-20.429413	-11.856186	26.367371	24.286758	1.954926	12.904846	42.462173	-24.179764	18.287857	-0.272629	6.879425	19.506714	-5.195068	-30.172897	-6.148560	
-80.629715	33.413849	14.391281	-25.528061	-92.561020	93.178101	-13.386658	-1.750320	18.360214	-55.065002	-66.400879	3.655914	61.736404	14.202560	-48.717026	-7.446838	17.469391	-13.932510	-23.374924	4.882401	18.143326	8.818283	11.567810	52.194626	-23.179474	22.127243	-6.379898	0.074326	27.578506	1.302490	-48.910217	-76.833893	
-101.470169	24.814682	34.678253	-23.517105	-99.770615	72.035843	-0.510147	1.242355	24.324707	-69.936707	-75.948349	-15.376740	25.573318	12.662659	-47.988159	-61.835312	13.079147	-8.404999	-19.443848	-15.206375	-3.825241	3.999985	6.395401	31.527222	-12.889618	12.146683	-21.423096	-21.899170	15.018204	-0.909180	-56.044846	-167.775818	
-139.524261	16.571167	58.578476	-7.927444	-73.641113	35.721573	-1.401535	17.772919	26.558884	-72.597443	-52.347900	2.751511	0.277588	-4.231537	-46.430298	-103.056793	-17.320801	-20.324921	-15.491455	-12.966446	-9.419022	1.409180	11.977478	13.717590	0.121490	5.730637	-29.364380	-41.594193	-10.890945	-18.753372	-56.960999	-215.630341	
-229.518326	21.379181	81.378830	4.914490	-30.188919	11.500732	-12.107040	6.998871	32.156143	-66.694672	-34.765137	22.604935	2.810501	-5.705185	-28.617462	-85.803787	-60.002838	-50.929047	-41.161011	-11.447891	-8.619614	-8.462708	16.409912	19.205963	2.028656	9.173752	-19.691696	-39.399963	-33.764557	-52.885361	-71.733871	-224.983948	
-367.612762	42.910233	106.600571	-4.523804	11.153473	15.605957	-15.111954	-31.780502	39.062088	-37.143982	-29.979416	13.882462	4.830444	-9.463928	-16.515488	-16.770752	-69.022522	-67.121796	-69.101349	-15.870712	-12.372482	-24.136856	11.542328	41.012161	-1.577118	14.997818	5.750854	-9.674149	-38.059860	-88.354935	-91.027298	-219.029800	
-505.909210	74.557953	139.468842	-32.841110	27.670822	35.335663	-4.482895	-74.532272	22.473572	0.644608	-16.157562	-1.159119	10.742340	-18.740021	-34.237671	21.946472	-44.407196	-62.072617	-71.931488	-15.780029	-14.961029	-36.370117	-2.173538	49.487762	2.525208	12.738831	29.024384	30.123749	-26.934784	-119.823868	-110.706818	-207.349731	
-607.323242	112.915878	167.454269	-49.929855	22.424698	48.039047	-0.247101	-78.855896	-18.640991	5.275436	15.977768	-24.786453	1.662598	6.660980	-38.122910	9.001770	-23.604187	-46.302963	-59.837814	-11.378540	-3.134003	-32.355865	-23.075577	18.872025	20.297379	7.877075	37.227386	61.171875	7.593140	-150.194366	-131.751495	-207.958420	
-659.468140	136.466080	172.353043	-58.083145	5.721191	83.213974	-13.865036	-69.059525	-28.851044	-25.668518	50.918289	-34.289673	-37.707779	38.932739	-17.868210	-14.970734	-26.898041	-22.408997	-46.906509	-16.846283	12.731400	-3.066452	-26.893066	-34.369553	37.277222	6.048080	40.449097	55.035828	59.560730	-164.483429	-146.174042	-226.350128	
-650.620361	142.046951	163.207382	-57.583084	-25.003311	103.308914	-7.174881	-70.924042	-18.311295	-49.832535	56.653137	-32.996750	-70.377380	55.222794	13.079346	-20.519150	-58.618484	0.481659	-32.194931	-27.098389	16.866119	28.911438	-15.792023	-79.142197	34.744110	2.252396	59.150391	24.467590	101.514297	-149.077240	-170.512650	-242.640930	
-624.024902	153.923874	140.972809	-45.547043	-26.676392	62.131958	1.245544	-18.890884	-28.253174	-45.735962	35.814667	-36.242508	-80.514404	51.260864	38.187393	0.875137	-92.531326	8.895065	-18.158676	-29.053253	11.725647	46.749283	5.386276	-85.137405	7.889603	-4.301758	88.342026	-6.749268	120.462204	-109.347809	-204.883453	-238.380722	
-618.185303	166.693695	128.041275	-32.288605	-1.470779	-15.069168	-49.822205	89.301346	-21.716141	-34.983963	0.491898	-37.626602	-69.645615	31.153748	48.157013	26.437561	-101.143173	-1.476944	-11.461655	-18.796066	3.465393	36.599548	19.919724	-49.620453	-36.943481	-5.342850	113.816574	-26.198837	121.056625	-80.784851	-237.585358	-218.876205	
-610.178650	141.216309	144.124466	1.127869	7.801315	-75.870483	-130.913940	124.111908	54.638718	-17.585327	-27.964020	-32.954422	-50.249054	3.035614	46.091980	33.589966	-88.937759	-10.953491	-10.769363	-0.788315	4.425583	13.970871	19.366943	3.507019	-80.865631	-1.564636	116.776901	-25.885422	122.436188	-80.710785	-257.087646	-204.650284	
-572.569092	90.563675	147.969574	35.484665	-9.430237	-87.630493	-143.727234	27.266800	116.134613	36.829803	-23.843933	-23.814835	-30.955170	-16.590271	34.208481	22.387955	-76.727921	-4.886703	-9.121506	8.738632	8.132889	-3.113724	6.194336	42.596390	-88.210220	0.741745	84.858063	-9.277939	133.438385	-104.670227	-254.991608	-205.137283	
-529.123535	91.741501	116.560013	7.668777	-32.969635	-58.636841	-88.334076	-60.925705	41.321182	115.515579	19.897385	-11.457794	-14.431885	-18.781281	18.311813	-3.067154	-63.592239	10.716522	0.622375	3.705414	5.018021	-6.278107	-12.736099	35.616165	-32.574600	7.530579	20.450729	16.436600	156.321350	-141.637909	-238.315765	-208.862198	
-527.325256	159.307129	82.959030	-65.072891	-40.259491	-30.827515	-57.901276	-25.850769	-107.488937	130.841141	103.995865	-7.322800	9.184631	-3.250992	-10.344467	-46.050278	-41.986099	28.236176	18.852097	-4.846024	4.109756	4.979874	-43.249908	-40.831543	67.771317	48.231735	-98.120560	52.880157	215.709442	-163.525101	-236.084167	-206.892746	
-570.468323	201.281418	61.695496	-120.363983	-30.532547	0.095490	-62.626221	28.199677	-162.007416	39.522629	179.854584	14.932632	27.957062	20.676147	-29.821915	-69.909302	-29.229523	24.186035	30.484161	-7.106567	3.203568	19.217316	-65.062668	-145.657089	161.484344	143.061005	-244.564087	19.194809	298.921326	-109.362473	-273.958160	-230.635117	
-583.937378	147.272339	46.579422	-112.770035	-39.504837	15.297699	-47.281464	10.267914	-111.726074	-63.297180	152.261642	80.823257	54.440308	16.829422	-65.722534	-60.014969	1.209473	19.462234	37.483871	5.308563	8.137177	25.762650	-55.255035	-232.088776	190.342194	259.166840	-297.612335	-120.226501	330.023224	47.526291	-300.538483	-299.313446	
-541.287415	51.163589	26.302277	-56.559189	-55.565613	3.530487	-10.264145	-27.527710	-51.165863	-87.317474	27.018539	143.881836	113.456467	15.110062	-130.828125	-77.120499	31.792786	18.397690	39.750687	22.221054	11.662552	13.134689	-27.972397	-233.505692	122.735596	348.208405	-222.351898	-283.984619	257.963409	230.971649	-287.184906	-362.396240	
-498.891266	-1.194733	-3.783142	-13.072830	-48.401428	-19.870621	4.911484	-35.897537	-37.983810	-52.302307	-97.694077	155.985626	179.423965	48.846893	-178.963348	-121.726242	41.904831	10.302353	29.436203	28.449615	9.440552	-13.537018	-30.577377	-165.221893	18.258820	385.307678	-97.381866	-369.430756	124.680176	365.046356	-259.379395	-392.181580	
-484.046326	1.023041	-32.643692	-12.387222	-16.478302	-26.958984	-13.044373	-13.404648	-51.294952	-17.961899	-156.983902	119.246048	227.790405	87.472900	-200.096176	-155.905334	30.849640	-1.223831	7.017059	10.040527	4.154251	-13.837433	-33.659180	-115.915665	-53.860382	378.539886	-25.049835	-357.321381	-13.619888	424.391846	-207.227631	-418.244293	
-475.417969	12.742645	-40.520401	-30.870422	-1.185028	-19.883453	-34.182205	5.403687	-46.880630	-12.288528	-153.343033	53.235901	272.304169	99.575256	-223.012283	-153.279144	7.464722	-8.929611	-10.756546	-16.147385	-8.163605	-1.218689	-17.490204	-95.422882	-81.681656	359.045868	-34.351837	-274.489838	-122.983337	407.720245	-117.811249	-460.895050	
-455.250305	2.357193	-27.955551	-26.012665	-16.305908	-23.200745	-32.604462	-2.060760	-26.938065	-25.989929	-109.357681	-25.056000	310.827423	111.132629	-247.965530	-136.382172	-8.644791	-17.943954	-15.684723	-21.590439	-18.243256	-8.408691	-14.459686	-76.634888	-77.434616	336.587097	-101.274780	-170.604279	-177.735916	343.902100	-18.391846	-502.808868	
-427.741272	-19.676910	-24.002563	3.001114	-24.115295	-39.872223	-20.473312	-6.747650	-10.018311	-52.624863	-58.851654	-76.214111	299.596893	128.983185	-191.137863	-159.655884	-33.274536	-27.878998	-17.438080	-8.026337	-14.505585	-23.311157	-24.488831	-65.258148	-38.516357	311.516266	-171.212173	-103.632660	-179.563354	278.639862	66.428741	-520.679871	
-416.801727	-19.026062	-27.659958	10.387375	-19.834503	-48.894241	-17.796722	-5.567841	-6.513199	-46.921844	-47.192734	-82.447388	253.480103	68.089142	-39.795883	-111.903000	-78.986389	-61.759430	-47.023499	-0.713867	-1.026611	-27.673721	-29.594345	-70.454025	18.067703	275.406006	-197.548691	-90.955460	-158.356140	220.378021	120.126556	-495.711517	
-426.814758	-5.085541	-30.272675	-6.624481	-16.335632	-39.105942	-17.064926	5.458511	-35.676865	-6.760818	-64.282913	-56.623611	246.732071	-65.918427	8.678619	43.028748	-63.724701	-94.066284	-89.740906	-12.930862	2.657852	-26.605774	-23.157669	-73.604080	56.522491	223.591202	-169.273163	-93.458496	-123.881241	149.056580	135.123367	-433.575500	
-431.963318	6.122772	-32.646057	-29.623230	-21.263748	-24.579071	-19.509857	10.622894	-55.943115	27.081314	-86.010818	-33.141739	280.798706	-151.731537	-82.133926	139.155182	45.856979	-96.389175	-109.193024	-34.197449	-10.060089	-32.148788	-13.682831	-56.496857	50.992538	158.786957	-106.689102	-85.062408	-69.524796	61.634460	116.696487	-360.334991	
-420.620636	12.037674	-30.379929	-42.579742	-28.334778	-13.507874	-20.364731	-15.907166	-49.901932	41.156952	-94.234467	-27.991318	286.764313	-140.782516	-153.437973	88.239563	142.358429	-64.118118	-90.032425	-44.085831	-22.558716	-37.393570	-11.186508	-20.722321	17.161972	81.426712	-42.513000	-73.318573	-5.714996	-9.965256	77.318665	-293.824677	
-401.335236	15.329849	-25.462601	-43.516754	-30.407150	-6.835373	-17.007980	-40.994583	-45.461823	31.836273	-85.439651	-21.335663	224.740417	-85.042664	-125.300339	-0.806717	133.618820	-26.311523	-52.779373	-37.496002	-22.657623	-31.083878	-14.317123	4.529480	-0.611328	5.370193	0.756973	-73.664352	36.380447	-40.450058	27.684250	-236.705246	
-383.763214	11.460297	-23.353180	-34.891220	-25.365158	-5.461395	-15.619431	-37.746643	-48.775513	16.147400	-67.582748	-4.256531	124.576553	-48.667480	-62.851639	-36.125427	70.747406	-11.899414	-27.264648	-28.230637	-21.311081	-22.300110	-8.377060	0.703033	-0.665924	-41.135834	25.773926	-83.069717	40.033981	-27.596008	-21.503937	-200.032242	
-355.990662	-5.347076	-31.937408	-30.295517	-22.902100	-14.002182	-24.155685	-31.515686	-59.676788	8.668274	-62.078842	-0.733154	36.515350	-44.058167	-25.328430	-40.986237	19.989395	-24.987335	-23.084427	-23.116226	-27.856888	-32.135269	-3.149551	-1.724335	-22.853943	-55.815872	35.136307	-93.972214	5.220718	2.473022	-54.424438	-182.020081	
-253.670746	-27.729141	-41.934586	-33.287201	-25.302216	-22.825317	-32.574585	-27.858597	-69.159470	-3.469147	-62.672775	-18.906921	-12.944168	-46.069214	-21.240311	-43.995804	-6.500137	-39.153091	-33.225357	-23.102768	-29.706207	-47.110687	-23.305023	12.626831	-40.930298	-56.372131	24.641830	-82.391464	-41.669174	8.831009	-56.996735	-159.832932	
17.707977	37.026062	1.985077	3.498505	28.030930	-9.990982	-42.691971	17.356918	19.746994	-29.605118	5.292038	27.626846	-6.385910	-10.120712	-14.705017	-43.573349	5.664780	43.104614	22.069366	-32.681427	-39.165695	4.653015	9.293945	-30.397125	-5.555038	13.972336	-11.414322	-6.922531	-7.262375	1.984695	-0.719574	10.172699	
27.613663	15.256714	8.639954	18.553131	27.770966	-27.014389	4.148514	28.415390	-17.242325	19.490097	96.920135	26.104324	-57.469986	-42.210495	-2.759064	31.577011	59.019180	10.883713	-16.655838	-26.737335	-3.246185	-4.787308	-37.010483	-31.705353	27.101151	3.492386	-4.575623	3.285187	10.557999	18.083344	1.438568	9.709015	
-16.651871	5.277054	17.506348	32.817276	25.599152	-12.894196	-6.323395	-8.485962	13.218842	92.648849	68.211670	-23.200089	-49.790176	-8.475693	21.473190	45.460403	11.976471	-35.245743	-23.900848	13.288422	15.612915	-24.202377	-31.796494	10.115189	16.879105	-10.076843	5.748169	11.785065	3.220718	-11.386124	-29.974426	-37.647614	
-45.145828	49.186783	44.955292	25.135529	4.551956	-21.323776	-16.981796	-15.941864	43.895447	49.044540	-2.582047	-34.954056	10.695328	50.977524	50.986923	45.758835	-30.427597	-43.775574	-15.809387	7.337845	-10.748947	-25.937805	-0.790359	17.724686	-22.004471	-15.198456	12.219040	8.424988	-24.265244	-48.312286	-65.861893	-88.889877	
-25.199265	119.661087	20.541916	-39.773193	-34.821762	-24.290817	-12.405960	-15.388229	19.002060	19.298264	-7.689331	-13.799637	28.982391	51.738556	68.114609	51.738495	-2.024582	16.019318	0.050613	-21.163467	-53.518661	-42.292862	-21.211044	-33.256485	-50.017853	-4.313766	16.048477	1.930023	-30.320435	-37.299530	-45.578537	-80.835327	
51.379730	145.076996	-62.369278	-105.095963	-48.064148	-12.109543	-3.488800	-0.420349	29.527756	26.560379	-0.947922	7.391434	25.502869	15.499939	15.846436	3.558487	41.039734	58.523071	24.108383	-24.535583	-56.160446	-49.223404	-53.717178	-71.927429	-37.666428	0.932602	1.560486	-10.294189	-12.280716	12.220184	6.405548	-57.895813	
98.971008	104.989212	-134.925125	-94.755798	-13.050537	-7.428757	-10.772629	50.032837	46.677322	-4.331818	8.608826	14.681915	-7.145264	-2.863312	-6.586136	-17.518539	15.888794	29.042389	23.787018	-10.119492	-16.611526	-22.194107	-52.817322	-68.874664	-14.973267	-13.813004	-22.523987	-19.557846	26.715607	48.839981	25.732681	-81.798523	
104.211700	34.573669	-151.079361	-49.287552	-4.640152	-7.582336	13.699005	61.542099	23.334579	-6.125366	15.731201	-32.594925	-36.718307	21.725372	16.369583	1.934769	-3.160187	11.243439	-6.592896	-17.460266	-1.175827	-6.257629	-40.424164	-37.985641	-1.202744	-34.018829	-31.818130	-11.546936	46.398270	48.811493	-0.065826	-104.615295	
96.624146	-6.250992	-117.810196	-52.446503	-22.218246	30.263168	44.363754	13.591873	11.395721	20.005203	-33.268890	-59.634140	34.440598	43.745926	-12.744934	-0.329910	5.611694	16.255219	-12.863541	-16.062485	-13.967178	-21.188095	-20.367737	13.839569	-5.071823	-50.685516	-16.215881	-12.891022	18.358658	30.005020	-14.290802	-61.715012	
57.752792	5.086487	-98.763885	-46.519760	42.811859	-20.082291	-49.629318	47.103638	31.107224	-9.735641	-41.893539	15.789429	56.267227	-8.944931	-30.077667	-3.166245	6.509064	13.851242	-18.319321	-14.293533	-15.361511	-20.094193	-5.206238	17.278000	-39.135651	-43.225128	-28.703766	-42.387085	15.239212	35.826935	-0.310120	-22.491409	
50.877701	16.214737	-92.973541	18.776321	1.993896	-128.690018	-22.447983	106.871201	0.472778	-3.310135	1.521210	53.791931	25.485245	-37.013519	-31.743378	-8.952667	22.842773	8.567017	-22.376022	-9.539551	-23.293747	-40.511520	-12.658905	5.191284	-44.866272	-19.559677	-47.915253	-39.448059	29.553406	22.173386	23.568298	-19.052551	
57.942719	-22.194946	-37.943512	18.716431	-114.181396	-77.445755	95.248291	18.059433	3.944595	30.684631	38.588013	52.869797	-11.621643	-52.436935	-27.867844	-7.586563	14.894745	-6.163925	-14.434723	-19.616531	-46.023636	-42.382736	0.383423	-3.985535	-32.328949	-3.660995	-61.699402	-23.787918	27.182068	16.603210	40.056671	-27.052933	
48.004898	13.161667	-18.467392	-98.958725	-110.611557	103.954819	118.484619	-64.651901	-12.799942	9.796906	60.087234	27.297806	-37.108978	-42.994263	-25.222961	-24.674622	-15.752380	5.127655	0.136261	-31.855728	-46.711060	-13.699875	9.010361	-22.053894	-4.390305	-11.813583	-79.138428	-15.269699	17.592041	26.300995	61.669952	-35.161179	
65.320221	78.839828	-117.643326	-186.005005	49.398712	210.558746	57.207443	-38.857147	-99.119186	-23.566360	26.525940	-9.059692	-38.474258	-27.803970	-29.027481	-33.306274	14.587875	30.184753	-11.832687	-45.193954	-31.462265	2.678497	-7.428497	-30.894791	25.970474	-44.091400	-80.415115	-7.341278	12.191010	53.318420	79.327652	-44.426788	
69.299667	37.081299	-190.205338	-42.025726	209.520401	119.430740	-38.389694	-36.951736	-103.937134	-33.468018	-45.097672	-60.843704	-22.903320	-4.505600	-35.402359	-0.932556	66.839188	15.108765	-37.105606	-43.160355	-7.058014	3.291611	-42.718765	-46.334122	11.341766	-55.749252	-83.585007	20.910721	50.266907	86.843674	63.549866	-61.943573	
29.229446	-48.236130	-93.334412	181.371780	177.980270	-43.425812	-85.963715	-65.099686	-20.348907	-57.886108	-106.975250	-79.755661	10.997894	-5.592285	-10.056747	82.024017	61.371033	-44.078766	-61.180450	-25.121201	9.970078	-26.977814	-80.798416	-43.787170	39.000366	-57.312820	-68.849655	57.464005	75.042297	106.176178	21.064911	-95.914063	
30.841385	-17.776199	65.628799	181.384369	-13.239197	-87.126160	-24.236877	-50.074768	-8.348785	-87.730301	-127.733017	-36.541656	4.342957	-42.525208	44.553680	116.308243	-9.537537	-100.594650	-67.077240	-12.774811	-30.399200	-78.411850	-34.523865	85.087051	43.267624	-93.348877	20.160797	36.860535	4.406586	71.087555	-23.029892	-80.415482	
77.554688	75.176346	87.241043	11.901779	-86.561234	-37.125702	-23.311493	-27.078842	-31.645828	-83.724243	-106.676910	-16.427948	-45.082718	7.515015	47.042068	-14.869705	-81.307892	-63.381424	-16.304596	-29.912659	-57.296158	11.544159	146.828156	147.461945	-89.893509	-66.484039	56.798386	-40.322891	-22.314941	1.940872	-40.107117	14.834686	
81.966980	116.536758	24.024002	-69.092758	-44.845978	-9.608963	-33.137726	-4.236526	-39.338867	-63.571045	-53.188309	-46.381699	-59.248306	0.967758	-16.673843	-38.644836	-31.734009	-23.683929	-15.527802	-19.724670	37.509644	134.031525	135.280930	-24.346298	-141.772278	0.990875	-41.590698	-26.389954	12.253174	-22.126541	-34.095505	28.417816	
80.222366	104.933060	-38.194809	-47.000717	12.297256	-4.971634	-31.764496	-12.149048	-42.513641	-44.429718	-33.582611	-59.212418	-75.838852	-52.289093	10.653992	88.419067	40.499634	-32.182709	-32.721832	10.471588	74.488434	79.587296	-23.932892	-142.742706	-75.171860	-35.494446	-88.281754	35.979996	38.813431	-29.179245	-31.818558	-7.858063	
101.552246	64.726822	-34.171463	12.585266	-6.195175	-51.559784	-31.313385	-23.705353	-15.724792	-23.856369	-31.118225	-92.821411	-88.373581	-52.101166	95.049988	165.243774	24.291977	-39.265656	-15.167999	4.395401	-4.048798	-44.145416	-69.446075	-71.948181	-55.449509	-82.105606	-46.234970	87.701630	-4.767822	-45.299515	-6.212448	-20.031631	
91.943527	44.917526	18.041794	17.781158	-70.944931	-67.451706	-6.769867	-6.310699	5.562653	-16.504105	-46.754471	-122.889313	-62.595108	3.602417	132.356476	104.633316	-24.585602	-30.535294	-15.682617	-17.262177	-44.071503	-58.063919	-26.160080	-21.781097	-56.314423	-67.359863	-8.356583	71.015091	-43.629395	-14.789032	-2.154785	-62.460220	
74.237640	67.680893	12.344025	-42.765320	-63.040375	-6.728836	15.520615	1.498352	-14.219528	-40.663788	-70.684891	-79.626358	-38.595917	9.604965	138.758179	25.761353	-38.197403	-28.240204	-23.204803	-21.183609	-29.580444	-27.907928	-20.532242	-44.162384	-48.710938	-75.796921	10.069550	48.995773	-25.785141	7.582840	-50.566849	-81.606293	
71.240799	79.493973	-29.470276	-57.918411	5.796844	39.334717	-0.303497	-15.575180	-50.284744	-30.148346	-49.958344	-50.443848	-90.804596	-27.139328	134.334488	58.323517	-11.100891	-37.830276	-38.266830	-31.457855	-28.355392	-17.426361	-19.371704	-37.904907	-57.988174	-85.961197	48.822449	49.051834	-18.587814	-43.106506	-70.117401	-26.861740	
62.014084	68.697449	-21.904510	-7.125778	16.377014	4.263062	-14.675644	-47.093750	-61.123840	31.531509	-37.586563	-92.758514	-95.544846	-33.109238	48.184448	93.267120	53.654846	-18.092926	-57.631882	-40.018951	-28.604614	-12.230865	-5.984009	-22.235977	-83.338394	-74.827377	73.730774	54.581223	-31.206680	-95.560181	-43.444000	-0.628952	
85.729950	87.857834	-11.779724	-11.019318	-10.812469	-17.806305	-39.630798	-52.206833	24.802155	7.901047	-108.767700	-62.474915	-38.880722	-22.331604	16.124344	0.276138	-0.050659	16.580612	32.578125	12.638931	-26.122498	-24.343536	-13.344849	-38.349823	-123.153458	-47.543488	94.227066	57.059921	-36.584915	-91.259430	-15.271988	-10.314972	
103.705673	74.410065	-22.062653	-12.249649	-6.674774	-22.251007	-41.881775	-18.971725	25.134903	-71.345093	-48.171448	-9.720032	-85.640991	-26.774796	22.513855	-77.985046	-38.999084	28.216843	100.895645	29.367371	-17.328842	-15.955536	-24.503525	-78.032028	-120.915436	14.209610	97.742264	27.063904	-40.064804	-57.110855	9.404434	-21.269531	
86.648666	55.844772	-9.054794	7.345398	3.184952	-22.025223	-27.310806	-3.500732	-38.559296	-55.970505	-2.951263	-83.662048	-148.859421	10.850800	70.322510	-19.113815	-72.889618	3.804260	53.281235	12.973038	15.087112	8.769302	-35.267456	-83.689636	-30.490967	64.700089	45.727814	-32.877136	-58.031601	-20.364883	15.438400	-36.814850	
67.778961	51.487274	1.969086	13.194916	-3.877701	-27.434967	-23.162170	-12.463379	-42.089127	-26.594009	-59.667053	-132.791321	-67.117752	90.333252	50.626724	-32.885773	-38.913147	14.474503	-2.100403	9.803284	23.373169	-3.589401	-35.204773	-27.695099	32.354385	35.206924	-12.645447	-67.223984	-49.516556	6.037369	-3.936081	-51.462250	
66.066757	52.466919	-1.881561	-5.334442	-27.103622	-35.867249	-21.823227	-15.238922	-22.098236	-18.078781	-65.029892	-61.321228	41.939056	70.333130	-40.142258	-49.624237	22.688629	15.242126	-2.813095	7.076355	-15.718689	-39.346832	-16.996536	19.314850	-19.542221	-12.265121	-23.701431	-42.436356	-9.985367	15.811981	-26.993164	-59.656403	
140.778717	73.631104	8.065887	-10.095459	-24.719620	-11.761444	12.035812	11.138229	14.230743	6.571411	-1.616837	13.219742	46.559723	6.142914	-48.384277	-5.705170	25.132797	15.065094	10.857849	-13.635544	-31.065994	-17.414337	2.761948	-16.515747	-31.842148	24.954681	-3.429138	17.624008	31.248825	-9.765274	-37.634415	-67.616272	
136.104416	5.071213	-19.010117	-38.573395	-38.466583	-16.621887	-5.369781	-6.602112	-4.136993	-27.498749	-19.968994	-27.044586	-21.110703	-36.436813	-37.290726	-20.843811	-24.330338	-10.209381	-32.058105	-50.924347	-30.123947	-8.353516	-41.620926	-69.179459	10.036484	12.725662	-25.290619	11.107193	-18.177963	-62.223480	-40.293564	-91.194168	
12.176117	-2.279388	8.572571	13.271393	-0.553360	1.626389	24.834946	10.010910	10.408676	38.569305	58.002472	49.611511	45.073547	47.937744	62.560699	92.549713	104.172363	87.199692	76.965942	88.279678	102.758118	93.283890	78.054825	85.144119	88.525742	81.678268	88.982361	92.472351	99.371674	103.574463	108.216003	68.705811	
-28.151489	-41.906738	-35.372208	-44.983688	-54.193878	-32.833984	-31.062485	-58.146957	-39.691528	-24.461441	-50.577988	-52.574829	-21.936035	3.100418	22.430984	25.657120	2.152344	-10.689377	3.807373	34.662598	42.549561	35.523743	48.303467	64.977524	52.780243	48.391266	61.242493	64.721115	63.899368	54.789276	56.434113	18.897354	
-12.228806	-10.243042	-8.738968	-28.793823	-34.148621	-23.311584	-30.673111	-43.312988	-43.030228	-91.409531	-129.868240	-93.216187	-46.065002	-33.199875	-41.302338	-67.602615	-73.521210	-43.962433	-15.575851	-12.736160	-23.650146	-13.895554	3.353653	-10.010880	-33.780640	-34.873444	-31.705658	-39.841156	-49.170624	-55.057648	-31.788422	-24.063538	
20.816422	8.685013	-8.121368	-46.261963	-54.064163	-37.718079	-29.933884	-44.255875	-91.144455	-139.253937	-127.164474	-76.760788	-72.248077	-111.444412	-141.762756	-146.541489	-114.805435	-71.989426	-56.110092	-60.518661	-59.641739	-52.629486	-68.319977	-103.328232	-121.494736	-129.135818	-143.003891	-153.765961	-146.131287	-127.180878	-63.068756	2.742645	
28.270233	-17.540848	-24.713623	-44.049728	-38.054352	-13.506622	-1.824356	-12.613602	-41.255814	-53.572296	-33.122299	-11.199814	-41.238525	-102.790955	-157.143112	-166.378265	-132.568695	-112.688477	-111.041290	-100.004852	-75.535660	-67.384323	-85.368851	-98.400269	-102.860306	-127.466766	-158.743729	-167.924973	-146.322617	-117.460831	-40.305191	41.818619	
-23.201965	-82.580841	-24.678238	-4.468338	5.736160	25.063110	37.707718	34.152451	14.943192	6.880341	12.329346	7.125534	-26.546768	-72.657364	-109.468140	-113.714905	-114.981537	-130.562668	-128.047256	-101.168503	-63.966354	-45.941772	-34.118530	-16.115829	-24.266022	-65.593903	-100.172440	-108.009506	-94.959595	-87.799652	-31.960571	43.430740	
-99.468597	-120.628799	13.175323	34.590866	19.866623	23.897278	30.131821	17.985062	-3.079498	-5.977859	-4.680527	-19.892548	-48.872986	-65.110672	-69.119171	-72.116165	-88.438095	-101.687302	-91.066589	-63.937897	-36.796692	-17.905930	9.529373	30.562500	14.123367	-18.840576	-44.246475	-60.923935	-78.065979	-102.504181	-57.785828	34.407547	
-138.647995	-101.436462	60.274963	49.939285	7.730209	15.272705	8.289459	-30.738373	-36.240005	-20.930298	-32.730148	-27.429810	-20.185410	-31.996078	-50.956116	-65.627121	-75.131393	-78.317307	-58.251816	-35.132980	-26.388168	-13.747650	18.691559	31.899506	13.994263	-1.816422	-18.897324	-58.353134	-115.300171	-150.930725	-81.174225	37.348831	
-146.904694	-72.433640	80.138947	55.217148	30.847260	9.638428	-31.895767	-50.074875	-33.599319	-31.306427	-14.717010	21.084610	3.039795	-27.063004	-33.969330	-45.741898	-61.914047	-67.532120	-45.660095	-29.971863	-22.352432	-4.988419	16.779419	7.458984	-2.459976	1.114014	-23.872009	-78.948029	-141.007233	-160.284225	-78.645111	33.985321	
-133.534637	-50.209885	83.948196	51.690567	7.875320	-11.294708	-24.868881	-32.448318	-27.675888	-13.699158	22.501511	22.367081	-27.974380	-38.373962	-25.157227	-30.367493	-42.403732	-44.957642	-25.158798	-15.273926	-11.012436	-6.495071	-10.434189	-24.401398	-10.990082	-0.257233	-19.429535	-59.738358	-119.225372	-140.617599	-74.679382	17.473633	
-114.892303	-45.756241	71.572189	6.716751	-27.468323	32.397949	35.935806	-20.403091	-15.011093	10.513641	9.861649	-22.769028	-43.172211	-26.243942	-18.761749	-30.517715	-45.301697	-44.589493	-22.795151	-18.045197	-16.099655	-17.722198	-28.411804	-26.116776	0.140198	6.360474	6.149216	-26.764221	-101.177734	-129.470261	-82.633270	9.791901	
-108.285355	-32.617844	51.684433	-10.428894	37.614914	105.719604	55.546234	12.618225	21.335541	7.685196	-27.612717	-63.372940	-52.120270	-17.851303	-15.056015	-36.135422	-55.926758	-48.879150	-27.648346	-18.587524	0.933090	5.205994	-15.332764	-13.359909	7.164307	8.619263	18.805862	-18.458176	-90.362122	-119.921509	-84.698486	10.936554	
-93.728653	-35.286316	29.148117	27.818832	98.840988	83.992508	24.299911	36.825073	33.300934	-11.771317	-63.863617	-89.319916	-56.680481	-22.247696	-24.290466	-37.084198	-39.313385	-30.574799	-18.917465	-4.140137	19.133865	9.557739	-21.135605	-20.717117	-11.762772	-5.505997	15.061127	-22.867172	-84.360458	-119.762344	-93.645203	6.475769	
-105.927643	-79.100357	43.798157	105.221497	79.730988	-15.186859	-31.395752	14.408783	25.493622	-14.318527	-65.140961	-78.311569	-45.466232	-18.600739	-9.109116	-6.044464	-16.152863	-25.211914	-15.220154	5.224426	15.874893	-3.869919	-25.139404	-30.706543	-38.377075	-15.728027	12.978104	-24.052841	-76.604599	-128.508331	-113.745316	-4.202560	
-132.443848	-75.693985	116.030106	112.289124	-40.431839	-128.190262	-84.831070	-10.072891	29.281143	-4.997665	-31.720505	-26.327866	-14.171783	7.974091	26.381622	16.831909	-20.568192	-30.631378	-7.727936	5.210297	-2.953751	-15.776367	-12.043716	-19.704849	-24.905838	24.202759	46.148193	-6.041214	-62.379044	-143.269348	-131.494324	-5.140778	
-108.665817	4.257141	146.188004	-11.917496	-186.185333	-175.524109	-79.013855	0.241882	26.812759	12.349197	30.727600	32.654984	14.222885	17.098709	27.242569	-11.074936	-55.526474	-41.506119	-10.364456	-10.696304	-34.314056	-29.187744	16.109009	30.020584	23.149078	75.294281	86.807129	13.742676	-78.029449	-167.628799	-136.612991	2.762360	
-63.636002	19.535049	33.825317	-154.654724	-196.916397	-123.607880	-69.866852	-20.321899	12.248932	50.331818	90.298615	63.965225	22.350586	28.554428	-9.506149	-86.711060	-85.976700	-29.564285	-7.330963	-26.651382	-29.693619	23.867310	82.226028	52.770691	20.605347	67.182419	50.496811	-35.036850	-102.096771	-176.464951	-119.263168	17.287186	
-90.694321	-92.190689	-114.509125	-186.351746	-132.636887	-86.025955	-80.096481	-59.918991	-3.626221	72.346771	108.720825	63.682877	29.167068	0.872147	-60.689102	-71.201843	3.906326	60.759003	54.977829	50.415070	84.579025	101.547150	43.306137	-31.225204	-20.609177	7.560303	-44.040649	-68.638443	-87.465576	-123.506287	-72.860153	4.371231	
-159.690979	-192.639053	-159.854965	-146.495209	-105.036209	-90.684555	-85.700775	-82.901962	-32.448837	51.175522	75.259628	52.915741	24.289536	-26.274292	-30.727325	35.832413	118.227493	142.748734	130.691544	136.908707	115.498093	12.216064	-98.377396	-73.424759	-0.218185	-26.188477	-46.674026	-29.095047	-42.082916	-65.735565	-51.166382	-22.822281	
-192.503983	-202.611588	-112.783615	-91.424942	-93.403122	-101.547852	-102.393478	-99.210419	-59.589355	7.337128	38.469315	33.961594	18.473267	-6.754883	-7.585846	7.764694	44.990768	71.411377	73.160156	44.137772	-44.687515	-153.231552	-155.544571	-30.719482	16.211304	-22.175034	-14.126831	-9.067795	-23.063217	-49.018127	-44.394043	-16.882523	
-210.855896	-196.036209	-90.299423	-106.093704	-123.422958	-114.147751	-106.261124	-98.901779	-78.503128	-38.024994	6.282440	31.269348	34.383286	0.272308	-71.620560	-119.997467	-86.376938	-50.128296	-61.107605	-104.665024	-157.467575	-171.183823	-114.207733	-14.654953	17.079712	6.886490	-19.692810	-52.181793	-25.752930	-31.073318	-38.559799	-26.037262	
-213.933609	-191.815094	-115.032898	-139.634140	-116.907410	-83.869324	-79.747711	-84.961258	-92.233322	-74.005112	-5.761612	55.720169	49.463058	-40.132431	-176.604416	-207.967285	-129.967361	-93.065506	-110.303329	-126.797653	-122.081055	-99.089005	-79.854752	-39.154785	1.842819	-0.316940	-76.409897	-112.805023	-37.819855	-45.951904	-62.251297	-44.773987	
-199.683395	-193.081711	-127.695190	-113.197861	-68.796265	-61.179047	-84.456635	-100.283844	-102.415710	-78.861633	1.337769	66.297302	29.130798	-100.589279	-234.416107	-219.688019	-137.062653	-99.453644	-98.644974	-100.747940	-96.885056	-97.326721	-97.708755	-61.375473	-21.763565	-21.978195	-102.544128	-130.052414	-55.207077	-80.836716	-68.758636	-26.057358	
-194.075073	-194.971497	-96.180527	-57.228226	-57.949310	-93.614548	-111.414017	-113.176163	-100.083328	-66.059708	0.408798	33.300400	15.511719	-95.007141	-236.798843	-219.112503	-149.085648	-124.246048	-111.379639	-99.424881	-90.769760	-97.098221	-95.990479	-61.468506	-19.235931	-13.185013	-100.369019	-131.743896	-59.339813	-61.005585	-26.018127	-3.412567	
-178.474045	-164.226379	-62.694153	-58.461227	-86.719009	-110.988647	-110.284515	-83.278839	-63.311722	-68.021576	-31.503601	28.553848	47.944641	-41.201019	-174.208633	-198.248001	-179.129013	-146.564941	-110.871796	-80.651062	-66.237946	-71.058578	-75.022186	-49.715683	-4.819107	-8.302856	-105.857788	-135.543213	-47.429123	-11.845337	6.210754	1.855270	
-173.784409	-168.512680	-83.494614	-92.556015	-102.529022	-98.266342	-75.931961	-48.615494	-66.421738	-82.472366	-10.719193	55.885986	60.497147	-20.413620	-125.925552	-150.243057	-138.092575	-118.738983	-101.873627	-88.536835	-76.817337	-77.464020	-75.712997	-35.724014	22.566696	2.176392	-99.456665	-123.261047	-26.771317	14.529327	11.155960	6.946747	
-195.828888	-195.329147	-100.511841	-96.544174	-98.565720	-86.417999	-59.051346	-61.812637	-96.011795	-62.123581	0.958588	8.908112	21.956619	-23.888336	-92.658035	-63.131683	-49.198288	-79.038574	-111.631378	-107.890991	-88.499130	-83.629120	-68.428955	2.845093	69.647751	16.303101	-91.899429	-101.279770	-13.291611	14.533295	-4.098480	-0.406326	
-200.581940	-190.623947	-104.906082	-111.803558	-116.509277	-104.977890	-96.317719	-105.789078	-96.477936	-66.702530	-54.687775	-21.365646	39.094513	15.300461	-36.651306	-22.842545	-23.875534	-68.042999	-102.164825	-82.968048	-70.656555	-72.772614	-41.431198	35.353378	59.224182	-29.251495	-109.543289	-89.177994	-12.717010	-1.321732	-20.579788	-0.394653	
-186.444046	-177.733719	-111.123703	-128.576843	-132.762741	-122.813873	-122.136658	-121.556183	-100.380844	-85.259644	-42.527008	44.172775	71.172623	-7.421341	-45.364578	-9.901443	-12.067780	-59.714859	-79.905975	-65.944901	-69.274857	-65.781509	-29.344467	4.374634	-26.309204	-97.707657	-115.659195	-69.671280	-21.133453	-25.158325	-26.148956	12.259552	
-174.875305	-173.540985	-115.661438	-125.716507	-117.144836	-104.408447	-101.204117	-93.756546	-82.462433	-60.757416	8.943695	62.398499	4.968811	-92.199188	-70.746048	-7.234497	-28.928787	-77.384827	-97.849426	-101.471115	-96.368256	-74.657684	-61.401779	-73.015533	-93.082108	-109.801239	-90.879028	-55.863602	-51.371643	-67.061600	-47.493484	3.487991	
-204.465790	-217.348846	-173.508759	-168.013397	-149.113678	-138.533554	-144.509384	-143.311401	-138.196976	-125.126678	-95.911224	-99.167419	-159.198471	-195.441544	-151.848526	-117.959747	-139.246719	-168.294479	-189.631378	-186.792145	-163.156967	-143.322601	-151.444382	-155.146622	-138.256012	-139.287552	-136.189346	-133.336182	-156.148819	-163.683228	-119.201248	-37.964233	
-246.447998	-255.894241	-198.910156	-183.301071	-167.002060	-171.163559	-188.159088	-201.209518	-206.056793	-200.690201	-192.988037	-198.952164	-209.472809	-208.432449	-192.122070	-186.326523	-191.993988	-204.437988	-205.756805	-183.776367	-171.087570	-175.612808	-162.720947	-137.258377	-150.427078	-176.318008	-176.844223	-193.190598	-200.191330	-172.668442	-118.810791	-22.215271	
9.393799	4.332306	0.244797	12.187546	-3.517395	-12.918091	-15.774414	-19.155884	-20.147308	-11.657669	-16.066544	-29.384583	-39.841629	-39.542191	-36.902588	-38.131546	-34.539368	-35.058685	-50.038193	-60.110855	-59.672470	-58.085815	-63.162949	-59.183273	-56.944595	-54.466385	-58.124283	-60.469177	-62.230377	-60.897888	-14.623428	-40.635742	
18.165054	13.007477	18.933365	32.005890	15.395584	3.830505	7.095795	15.972946	37.595306	57.216553	52.559555	22.099854	3.772400	2.499771	8.735825	7.044357	5.285690	-4.436279	-13.531998	-19.331726	-20.359436	-25.279434	-27.555740	-21.145645	-16.098251	-16.106644	-17.948624	-20.009933	-21.055832	-19.202332	20.752335	-40.530167	
15.984604	7.919266	8.366028	14.272858	-1.363892	-16.406784	-11.927994	8.564941	43.846466	68.224869	48.835587	19.335266	10.471771	20.876450	36.209656	29.894989	21.755005	14.799789	6.669144	4.370285	4.381058	2.961227	8.463806	13.983536	19.669006	22.328506	21.006760	17.287430	13.614182	14.095886	37.614319	-53.922256	
25.100433	14.611862	7.497528	10.857773	-1.799866	-17.738205	-15.098663	13.242599	53.421494	72.693970	53.149124	28.724152	34.556778	60.371719	68.946945	57.247986	41.669632	38.033081	39.359451	34.515488	31.330215	32.314880	37.279343	43.053116	51.228378	59.174088	58.354340	48.735535	39.400650	36.169891	39.697540	-70.084885	
54.298080	26.547195	-3.036942	-3.980576	-10.181015	-23.904236	-13.245651	15.978622	46.724380	55.832230	43.864700	32.585144	47.726852	76.113953	80.817612	75.630234	66.832932	67.178558	63.578857	53.481857	49.106049	49.206345	46.406967	50.656555	61.495468	72.034485	69.520905	57.014801	49.719070	48.051636	39.516891	-78.469543	
92.839661	32.034836	-26.277664	-23.704300	-19.629868	-25.934921	-7.071808	18.192963	35.861481	42.762894	41.844604	40.131363	54.474869	74.758209	76.058350	80.868286	90.484100	97.401642	84.802811	68.910675	62.799683	57.509872	47.225174	48.458618	60.332993	68.809799	62.609650	55.998642	63.510513	69.303238	53.360657	-72.013504	
121.728271	30.616547	-45.925674	-32.275635	-22.651810	-10.553680	17.352798	40.714737	54.827850	56.751236	55.344681	53.938522	61.652771	68.807739	69.081604	84.010651	106.941162	116.295990	106.216507	90.996674	83.089035	71.869507	63.505112	61.910828	68.636017	67.629272	64.779633	69.458771	96.864792	105.336319	79.866882	-59.448425	
133.279007	21.853378	-64.022049	-35.906647	-16.343948	3.007263	38.260971	62.315643	71.478882	57.688797	59.428101	72.498932	74.825607	74.220978	77.816055	92.390335	112.936737	122.252304	112.523987	101.486603	94.314819	86.999466	89.962067	85.888153	86.913498	77.551086	73.865295	83.379578	122.347275	132.117172	98.266510	-51.065750	
131.898376	17.709183	-62.795822	-13.666153	-1.757767	15.965775	57.290497	73.855698	70.807983	60.983643	64.168152	82.212540	89.713654	81.537659	75.756378	98.851685	119.579742	128.806976	125.291031	121.293060	115.926788	115.420181	126.635864	117.188507	104.716370	78.591003	75.595581	90.098801	131.525665	149.277451	118.102509	-40.099609	
126.486694	19.035645	-48.642090	-14.551285	-8.571533	9.981155	41.109879	65.422684	65.279678	50.745819	67.966248	99.213638	101.467285	86.688599	83.084442	106.375015	117.903152	123.327713	123.381607	119.842117	113.701279	121.381287	134.691452	124.705872	105.805283	72.212997	66.775452	76.573410	117.010605	149.851349	121.254990	-35.362350	
122.591660	29.497971	-36.040634	-15.289185	-13.901901	9.030945	33.678146	56.448410	53.033951	63.029099	92.534698	114.288635	109.694031	87.036774	84.805756	114.093430	124.837357	122.967926	114.968643	108.874176	105.499908	122.339951	133.771973	128.908401	101.589050	57.184296	47.177444	56.006302	98.037582	148.306686	127.344910	-31.447922	
126.785782	43.675629	-34.868530	-27.881851	-17.434448	10.393021	30.541855	39.081421	45.121918	77.012741	109.739578	120.798172	107.978531	83.698212	82.889603	111.192444	123.813339	118.234299	103.936890	93.015350	90.332321	107.022995	115.201797	120.577042	89.755707	43.319977	31.043396	36.359619	84.068375	142.988831	127.619949	-31.908463	
133.320724	39.389648	-54.871719	-32.622513	9.626129	37.083008	38.893417	24.234619	39.077042	81.380890	111.650681	114.042191	98.511032	74.875443	75.474030	104.475693	119.795898	110.363312	89.685776	77.852997	77.421234	90.321960	98.523315	108.676117	73.700256	29.095215	15.231186	18.369659	76.183624	139.805618	127.715897	-35.160980	
129.530365	17.511902	-70.889023	-7.992752	62.275650	78.456909	44.314377	16.858459	26.632019	65.574432	93.795410	97.518845	85.850616	66.416565	74.029510	104.987595	120.067230	105.650986	80.260559	71.757828	74.103195	79.430984	89.979248	92.239792	54.942902	16.664932	1.554932	4.880112	73.625534	139.333618	125.737518	-41.137863	
100.001862	-10.472672	-61.670792	31.887054	95.058090	92.346664	38.198029	9.892029	9.480530	30.914825	58.540665	73.905319	70.092499	59.645828	82.547333	116.645279	125.455978	104.560791	85.628723	84.837280	79.621017	66.201874	75.318497	64.801361	10.106506	-11.265335	-12.335876	-3.109436	69.424835	140.867813	123.521530	-45.180710	
72.626999	-8.154388	-23.606552	62.598465	94.187469	72.693832	23.026688	4.822769	-4.174957	-10.528824	12.731873	44.421997	53.066620	75.228348	115.287262	137.279846	129.161987	101.119156	88.131897	80.459000	59.455231	40.728195	66.458984	41.726669	-18.707245	-11.169800	4.830841	8.230469	68.568314	130.790405	115.221039	-49.690613	
84.904709	46.434067	41.234177	99.355148	90.720306	58.693375	39.252594	21.598755	-5.644272	-31.879227	-17.919739	11.878494	43.338181	76.650024	112.744202	106.832260	66.241165	32.087433	25.344589	24.784332	19.359985	28.237839	65.675629	30.438156	-34.862152	-22.866196	7.342438	15.833252	31.115280	100.430130	112.166580	-44.612488	
121.517487	101.451447	67.778854	88.181030	66.056412	36.550888	42.064407	34.896423	3.604599	-27.572723	-37.716782	-10.601044	20.485718	73.078278	100.550064	66.465729	14.169708	-19.609436	-27.321060	-23.155548	-2.611374	41.257843	70.601318	31.778671	-37.862015	-20.622101	37.654663	30.742294	5.428558	69.478271	108.816406	-31.563904	
160.702728	130.224594	70.555084	80.408768	65.510147	49.444183	57.622452	55.144638	19.244019	0.142899	-29.788391	-32.311722	-0.518829	58.615372	85.350418	40.553543	-18.276993	-48.931778	-46.466232	-23.935410	22.473129	76.925049	81.911499	27.492386	-49.593430	-35.304932	32.481842	28.119659	-40.918335	26.579529	101.526566	-21.791824	
172.475815	129.574173	56.384766	60.711990	53.881042	48.694229	49.118042	54.952667	35.455933	19.951797	-18.829056	-53.741928	-30.125626	53.713165	99.722488	60.733032	5.636841	-22.431351	-18.007217	11.056473	54.343475	87.719513	65.405136	6.270432	-76.319336	-49.249893	35.856964	36.904449	-49.798019	2.426086	96.270462	-12.190216	
168.386475	124.712280	48.693314	46.095688	40.527786	40.433640	42.191803	50.760727	49.443909	30.427185	-18.065567	-79.548584	-54.419800	68.186234	136.235062	103.580658	44.649033	20.318436	28.966629	49.389618	70.276062	78.096222	56.407333	3.771515	-82.023224	-45.141373	51.236496	63.443741	-30.569504	-8.285217	90.380051	-3.486893	
170.031601	130.859924	53.174515	43.032562	37.431274	39.862335	44.414932	49.585144	57.231674	31.889816	-17.373535	-92.609100	-64.296997	79.859665	160.428680	126.879379	64.620621	43.968597	49.812378	54.520142	57.806808	59.637634	54.203903	9.814285	-73.814728	-22.726288	68.104477	88.396164	-1.237518	-9.228577	82.001572	-2.732376	
166.708099	125.779877	40.830246	29.778702	29.977203	36.823624	45.807602	41.853348	49.567734	28.329315	-16.457397	-94.527161	-54.482056	80.283936	156.723999	122.583511	66.914902	46.176132	41.701569	37.662582	40.002243	48.028641	54.927551	10.377136	-61.466858	-3.120041	84.154266	102.197525	15.052383	-8.116104	71.302811	-2.587616	
161.291702	121.929321	38.850113	35.059082	47.169098	55.465103	48.076248	41.696854	47.827362	31.777710	-20.537964	-96.272079	-57.116394	56.953278	134.807709	114.228210	66.343781	55.256134	50.513016	41.674911	43.854431	53.552414	62.997589	11.071487	-49.312607	7.454651	94.460983	101.781113	10.351425	-17.088303	50.887863	-6.237411	
161.620789	118.613815	41.369202	45.109344	54.188416	52.943909	38.047897	41.657211	37.377960	28.497681	-14.802032	-99.537842	-65.268417	44.597351	107.553146	91.821548	67.079956	54.629120	47.835037	41.445496	46.195236	53.294708	51.558517	-11.517715	-50.505020	9.367325	93.783676	83.978455	-7.840424	-30.329651	35.322754	-9.045746	
163.633514	124.327042	55.443375	60.112915	63.702698	54.052917	36.677597	41.019730	35.295319	32.829788	-14.540482	-91.604797	-69.552460	10.158951	63.611603	53.529739	49.929291	67.686920	60.699677	45.676956	45.305099	50.172287	30.884598	-32.754272	-47.573853	15.732986	93.150085	65.708084	-18.971039	-28.471298	28.746506	-13.236313	
168.289276	132.338959	67.397430	68.862656	62.330399	49.225021	42.889526	48.018753	39.872406	33.324692	-12.708420	-83.810837	-68.186386	1.999466	32.055038	11.651917	35.354111	62.616806	64.651169	49.850510	44.830643	41.723465	7.668793	-44.942703	-40.088547	17.490540	77.442062	39.149582	-26.560013	-27.181198	20.663269	-25.662125	
163.482117	130.389832	72.000458	73.421310	63.850327	52.283478	53.785522	50.862442	38.493332	26.017441	-25.067566	-74.855942	-50.723267	-0.235535	6.914017	-23.125717	12.734528	57.832382	68.845581	52.574341	39.623184	27.230423	-3.658051	-35.986771	-17.344772	21.229416	53.566208	17.608704	-26.003448	-20.022781	13.112106	-42.488419	
152.742050	123.327469	69.736359	69.140137	57.869888	50.126999	51.793686	45.453995	33.618774	16.709198	-37.392441	-60.283188	-23.061661	20.415710	13.473190	-23.831100	1.898087	52.540421	67.281326	53.245773	38.053345	22.221512	3.273483	-9.596466	10.603790	23.286530	30.722244	7.845673	-15.223755	-4.984009	12.174500	-55.376831	
139.268860	111.205933	56.039291	50.443222	39.557831	36.576416	37.386551	37.577713	25.831345	7.797806	-32.114166	-34.491882	2.455078	36.829025	26.226074	-5.600464	5.672638	42.793472	59.712265	49.495529	37.257507	25.910843	11.784790	11.122665	23.893997	19.358536	16.792480	10.907410	-1.947754	6.352203	8.045242	-65.098602	
176.950378	154.740570	107.120575	99.451843	93.934280	98.153397	106.947678	111.811630	102.957504	88.450562	69.737671	75.020248	93.988342	108.072006	98.349915	78.627716	79.771347	95.577774	107.377045	103.015930	96.718170	87.387604	76.563171	81.345734	85.564667	83.112930	83.213715	84.146072	75.847275	78.351990	46.075836	-35.021637	
139.014679	112.395950	62.311722	55.993561	55.768753	64.009384	74.672089	77.315277	73.229645	65.232559	58.255005	63.831833	66.419510	70.209335	64.484085	55.409973	54.569702	58.194763	60.619446	60.196304	61.609482	59.235748	51.892075	55.434998	59.006042	63.653336	59.000305	60.385345	58.320053	56.874893	20.794373	-30.980347	
-36.539978	-36.804962	-63.004349	-82.821701	-76.630081	-60.474945	-77.757507	-67.482437	-80.240707	-102.101013	-102.803726	-85.188110	-77.319717	-96.967377	-112.969299	-103.580505	-113.835144	-126.896225	-117.955368	-93.770554	-77.882919	-70.583603	-59.204117	-55.255234	-64.956589	-63.322388	-64.904694	-61.196640	-63.519028	-73.100281	-80.911987	-21.988174	
37.893799	64.598434	59.361801	54.197922	20.056717	26.216599	26.638214	51.165161	46.786148	27.276703	15.117111	19.267029	40.141129	27.546814	-28.778564	-34.100327	-4.171692	2.869904	-30.957062	-57.856522	-46.970184	-31.497803	-37.685440	-28.805222	-35.542770	-37.383850	-50.836136	-55.047623	-49.231262	-49.886871	-75.439545	-48.243439	
-10.454117	5.187424	-5.097839	-0.023132	-8.962021	1.697617	-6.727524	-24.087082	-10.989655	23.433411	32.633881	-10.538528	-35.366104	-5.683014	22.275787	17.493958	14.809326	19.125946	26.872223	10.768448	-14.169327	-29.625793	-40.068604	-32.034576	-26.842850	-21.625946	-24.504410	-19.697403	-5.441132	12.021164	3.979843	-27.720123	
-19.397018	1.843140	-4.669495	18.930954	20.996826	17.160843	17.783600	50.475861	74.164749	91.850311	115.811600	105.656113	64.576004	36.375275	29.478836	14.243286	13.301773	16.721909	41.688644	60.951889	59.758072	61.545654	67.805206	69.730423	78.576279	85.728409	80.591675	70.158783	61.722015	62.993149	59.491470	7.136292	
-37.624847	5.987885	-7.610031	19.737228	36.866562	20.276871	-3.951141	2.182892	8.667969	2.044739	32.847534	83.529236	112.554092	122.136810	125.024460	80.068924	36.231308	13.834686	19.367752	37.226837	55.363510	79.095276	105.233902	107.199829	112.314529	129.044083	135.760193	120.713287	88.156525	59.517242	47.965836	12.223572	
-33.594299	21.658707	-21.514252	-17.553726	10.212234	0.128433	-33.548080	-56.275574	-47.326553	-56.030060	-59.250366	-48.026001	-22.027618	28.930939	96.335236	136.629150	122.484085	95.008179	63.019669	40.671310	27.411163	24.074783	30.946335	37.016342	41.944382	67.865738	93.286285	99.822281	83.533783	62.338928	54.264236	15.519867	
5.394012	55.259079	-15.132462	-40.674881	-17.192474	-4.342377	-8.612396	-34.082092	-18.128433	2.806732	-3.761444	-11.020752	-17.936600	-52.877731	-57.693573	13.296326	64.315948	87.327118	78.301086	59.543961	29.026993	0.938263	-12.765015	-2.925934	-8.513184	-2.071274	19.872726	38.856842	38.816559	46.036865	61.549393	27.909912	
6.307465	74.875214	17.544556	0.472351	13.180893	-9.281265	1.149826	8.451355	-9.008057	12.533981	47.376251	46.825485	56.371506	34.023605	-22.707748	-44.605865	-29.031189	1.662018	24.713257	46.586807	51.960648	33.347961	4.363358	3.914520	1.004044	-8.871338	-7.322250	21.339798	35.346832	37.033615	46.858704	20.897079	
-16.640762	54.413361	11.033920	-1.049271	11.122009	5.984070	6.659454	28.523148	20.446838	7.342224	9.175049	-15.728714	1.567856	45.652252	44.832001	16.703659	1.729385	-2.257217	-4.516647	15.796417	41.327316	41.616379	18.455795	9.871140	16.960800	14.199417	12.746750	35.611801	60.940430	42.791718	43.711807	13.037979	
-5.927109	43.994247	-32.137787	-47.151154	-23.700256	17.995972	5.805847	-11.171844	12.195709	-1.522049	-4.311691	3.669662	1.957214	6.235184	7.686630	3.896057	2.001221	8.141922	-9.022827	-23.640228	-16.491852	9.159592	28.262070	19.445450	26.529633	30.882080	22.796188	4.900040	31.348572	23.207016	52.220001	20.075226	
4.010284	75.309097	15.156113	25.168915	1.276962	-27.184235	12.899628	6.527786	-9.178757	-6.188095	6.810623	8.144089	5.861328	14.770401	11.934784	3.193283	-11.796112	3.350632	8.819000	9.260803	9.284531	19.609253	32.088760	12.340042	16.632141	14.744995	12.189423	-1.678009	23.810715	21.294113	47.184937	22.283157	
-24.263763	59.848114	9.847183	1.016129	-18.863724	-64.174438	-46.475906	8.436432	-15.058990	-22.767105	-0.663071	12.018997	5.896652	4.975174	6.426163	24.037659	15.892807	15.210938	10.252365	7.003693	-10.463486	-13.508057	8.999039	4.693115	8.103333	6.212814	7.798721	-13.169296	-1.215485	2.870193	31.752823	22.176605	
-46.029510	36.625198	13.332733	-14.138489	-31.145142	-65.977463	-118.958206	-44.739471	-1.809067	0.267426	2.504440	19.279724	20.657333	13.639725	9.419266	19.957901	22.305405	22.005692	12.386826	11.451813	-3.722839	-17.971848	-6.312408	4.896423	4.242935	7.480743	20.664749	4.908234	-1.934814	-8.544388	12.076355	12.361649	
-17.187363	32.086639	-14.392731	-15.039810	-1.195847	-12.846207	-83.105515	-105.025223	-28.224823	14.740341	15.256027	32.213562	41.121414	29.237534	5.027298	-7.348953	-3.219742	12.298309	9.422836	14.837769	18.736176	9.954453	4.680908	30.140045	22.100143	11.148727	19.132721	13.809555	7.029648	2.003799	21.571823	9.465378	
34.449509	46.850647	-72.344330	-68.550369	-12.539551	37.590103	48.152771	-68.374390	-85.974548	-18.865799	-6.375381	10.720139	25.363770	9.083908	-4.304169	-1.080185	0.139221	7.253693	0.494598	1.799698	6.707245	1.281067	-2.764664	48.669037	50.262970	10.691711	21.227524	18.249756	-6.651077	-3.120743	40.929916	19.326080	
10.401978	68.885956	-25.569916	-28.368332	1.982315	22.054489	60.210480	36.170639	-62.583191	-43.959839	-35.728806	-36.812790	-6.638611	-10.874023	-31.851089	-31.528717	-15.078552	1.310562	-2.597015	-4.191010	7.001541	5.261688	-26.415085	-12.437729	14.502182	-31.959290	-30.308426	20.060120	11.524338	-23.009888	32.312958	37.917435	
-86.057663	29.329971	36.042282	40.640747	33.299118	8.691025	-0.646484	63.589890	-4.561935	-48.963181	-40.907364	-43.891586	-31.388092	-18.083252	-1.204697	0.191727	-5.811356	-5.426788	7.542618	22.349899	26.858826	-0.706665	-69.758713	-83.138290	-26.300354	-59.941498	-99.646774	-10.316849	57.680908	4.223938	4.334229	24.684875	
-57.771149	20.276138	6.392319	-3.256317	7.925919	33.542603	8.378815	20.609146	10.435959	-63.358612	-47.587387	-41.433823	-51.063263	-21.526077	49.281815	85.270844	49.386505	8.909027	4.689545	-9.300522	-38.606445	-41.987778	-19.599579	-29.124954	26.323959	58.632278	-30.771576	-34.546707	36.917542	23.321869	2.189850	8.639069	
51.190186	87.219986	31.579559	32.210541	16.053391	19.029236	24.101669	18.535522	29.576782	-22.263245	-56.238007	-38.333710	-35.367722	-71.207870	-106.583359	-87.862152	-67.075928	-69.985931	-80.933304	-96.811752	-85.259064	-26.469421	48.160522	-2.631073	5.716751	57.337311	25.107315	-37.664154	-26.474075	-5.057709	29.402100	36.265594	
19.595215	66.112381	-1.213684	8.108749	3.918823	-4.707855	10.488892	10.245041	32.292130	25.368744	-26.788055	-21.597473	-18.126526	-30.832809	-69.783737	-91.513962	-97.494980	-105.115768	-92.767075	-67.024582	-36.872681	-21.396576	10.752029	15.793839	-3.603317	15.661514	30.029190	2.977585	-16.703918	-20.952820	-19.154556	23.106491	
-2.629837	52.363968	-5.064072	17.122513	42.276855	33.594818	23.376099	14.499664	8.813202	33.761520	2.048630	-5.292862	-31.797974	-19.086472	32.802246	58.552734	46.507004	22.693649	26.073181	48.485229	60.722733	30.361389	1.784058	9.490524	-17.360031	-37.544067	-11.671295	16.890884	-3.351135	-5.911865	-44.346420	-1.758957	
10.670258	78.470459	31.018417	20.052811	27.343948	27.378311	9.607819	18.740005	14.003815	34.936630	4.438187	-6.565399	-37.818802	-43.153824	30.379196	83.444061	79.805023	68.644852	56.794128	28.113846	14.720718	26.915405	46.140930	43.181335	7.269012	-14.263718	-0.323715	33.254501	-11.182510	7.848175	-12.429916	1.901840	
-2.874954	74.806625	51.244278	22.482498	-12.019455	-8.834518	-3.736206	3.863037	6.616119	31.422165	14.801041	-8.573166	1.697937	-15.089737	-19.753159	32.345474	49.306793	34.716522	31.968552	16.936508	-1.069427	5.642609	37.041306	70.711533	48.486984	19.229919	0.584320	62.020706	27.126450	31.674362	6.443451	-4.740234	
9.452927	62.113770	23.682098	29.689514	20.747498	17.010086	21.605362	15.158737	6.752014	-0.916260	23.550598	11.620682	11.270462	40.144958	31.023285	5.010147	22.180298	38.693298	51.374985	59.750015	46.730835	22.519287	12.161621	41.516068	28.306274	11.069031	-29.396515	47.899323	36.403259	28.253799	7.094955	-15.869812	
-2.225296	33.312408	-22.224594	1.542358	25.170105	25.177521	25.780075	12.834198	14.214005	9.339951	33.917343	8.235550	-40.787216	-5.725067	107.441910	72.036072	16.985947	10.637085	11.727112	12.964554	12.867294	9.956329	4.419846	12.920212	6.520187	10.825150	-32.997360	14.039719	-6.325470	0.484360	17.598022	-10.942825	
-18.196716	51.301926	16.411163	10.897598	12.096802	14.692841	5.937088	-11.880096	10.404541	27.712677	15.152969	-8.456955	-75.653748	-143.574448	28.021027	151.943008	104.616669	27.332901	-9.056305	-16.117676	-7.972183	5.148727	19.243790	16.777328	8.576630	16.159210	-7.599655	19.163284	-20.949310	-35.216660	-9.112457	-20.796951	
6.515060	56.669128	6.476440	-3.220551	-6.754196	-9.309708	-9.318954	14.257004	-4.521042	-13.711365	3.112930	42.602280	46.297272	-78.406158	-125.297516	-27.921799	50.228516	70.719879	53.482376	24.735184	0.702606	-4.991943	8.983063	-12.983902	-40.552032	-27.522186	-18.580505	23.873016	3.171585	-35.949738	-20.598068	-29.684052	
12.230881	65.340790	19.662643	12.608063	8.540512	5.721268	-1.269058	5.010468	6.128616	28.113144	34.732239	31.449219	58.945816	5.154846	-79.383072	-110.129944	-45.771118	17.184784	46.394821	36.842896	16.324463	-1.963120	-5.437164	-24.386612	-59.751450	-52.475952	-26.635727	14.913696	32.015213	-6.309906	1.452835	-21.938568	
-1.846085	57.151474	28.290146	35.978790	39.699738	45.177841	41.863052	21.759888	17.694443	37.856140	24.574829	-30.431885	-18.732346	27.793579	40.616241	-49.216568	-86.838425	-71.946533	-25.787674	-1.156372	11.912201	7.333923	-1.833191	12.596176	0.538986	-19.424896	-23.923904	-14.305679	21.874023	-2.078522	5.018265	-12.606918	
-11.224854	42.250946	16.089539	28.021225	32.621140	36.650940	42.552521	39.662277	20.990463	-1.690704	-20.002808	-39.906418	-43.991241	-14.603180	29.560944	7.459930	-35.863342	-61.556213	-41.993576	-19.562820	0.045975	15.316559	23.694748	35.753601	49.191849	27.164551	2.808868	-18.913437	10.856049	-4.586761	-1.093704	-11.666214	
-27.758636	9.380386	-9.047180	-4.880295	-6.837494	-12.100403	-11.379471	-3.983551	-2.177567	5.283173	9.204224	22.062073	4.605469	-15.253159	7.101273	26.156921	23.328522	8.834229	14.516556	15.478638	7.261276	16.487488	46.661972	32.296249	16.871704	15.055923	30.212860	10.708771	34.769348	47.473206	39.642548	0.312241	
82.522476	105.122574	74.733887	69.130585	67.177185	67.399139	68.933395	81.054611	87.488647	113.687454	121.802719	122.489487	105.612045	91.946381	101.076355	102.718018	108.546570	104.272736	100.420959	95.614944	91.469727	81.417572	73.191620	74.626099	74.454315	74.295593	104.075317	106.151169	96.012558	97.168854	96.166306	25.133560	
