0.000000
10.385269
23.394318
7.589935
4.792374
11.466019
45.246323
8.243469
14.232864
2.046738
45.246323
26.127441
14.232864
2.021896
26.127441
26.127441
16.363251
15.501114
6.087341
16.363251
9.079544
4.191940
0.000000
0.000000
20.574982
0.000000
0.000000
20.574982
20.574982
0.000000
0.000000
15.302124
0.000000
0.000000
0.000000
9.309128
9.309128
6.338486
2.293991
9.309128
6.013428
5.812698
3.825607
7.651031
7.067230
7.067230
1.560837
3.332153
14.254196
14.254196
0.836197
3.332153
0.000000
0.000000
2.702271
2.702271
7.953857
18.336807
11.660034
11.660034
10.859421
18.336807
15.033981
10.859421
10.047287
5.151917
10.453735
10.453735
3.968613
5.151917
8.971405
8.971405
21.688004
18.572601
6.522659
6.522659
14.492126
13.854660
8.827881
5.016495
20.822845
20.016418
19.297363
10.409943
19.947601
18.264038
20.871140
10.409943
14.943008
7.495789
7.495789
11.717712
19.372665
19.372665
19.363998
13.850906
22.256927
19.372665
19.363998
13.850906
24.975555
21.044891
6.670898
6.525543
24.975555
21.044891
3.619537
2.465469
5.292511
19.470352
19.470352
10.377975
2.229385
2.229385
45.501251
45.501251
0.000000
0.000000
27.226273
27.226273
0.000000
0.000000
19.343750
10.736298
0.000000
0.842651
4.406952
12.254120
32.049255
29.763824
30.634644
32.049255
32.049255
29.763824
30.634644
22.641647
31.799988
31.799988
22.172943
16.523285
15.709793
15.709793
15.419968
9.269791
23.241257
0.000000
1.006485
18.126221
23.558090
23.558090
5.351547
7.914154
40.838928
40.838928
25.617828
25.617828
40.838928
40.838928
25.617828
25.617828
0.000000
3.108246
8.059875
0.000000
0.000000
0.000000
0.000000
0.000000
0.000000
0.000000
0.000000
0.000000
0.000000
0.000000
0.000000
0.000000
8.495682
0.000000
0.000000
0.641586
13.048279
13.048279
0.000000
0.641586
0.000000
0.000000
0.000000
0.000000
0.057419
11.577377
11.577377
0.000000
1.413803
11.577377
11.577377
0.000000
11.385574
20.986038
0.000000
4.264267
17.953537
20.986038
15.615753
6.161896
5.697006
5.697006
10.919556
3.075394
0.000000
0.000000
0.000000
0.000000
0.000000
0.000000
0.000000
0.000000
0.000000
0.000000
3.446548
0.000000
19.407852
8.691818
6.972092
19.407852
19.974060
20.740036
20.740036
19.095627
17.719940
28.421585
28.421585
13.314743
28.160172
28.421585
28.421585
21.014282
28.160172
12.397781
12.397781
4.431427
